# markerAvrg: average marker throughout entire volume of phantom (including in- and outlets)
# roi1_markerAvrg: average marker in full phantom volume (without in- and outlets)
# roi2_markerAvrg: average marker in 30mm sphere on central axis 11mm away from top
# roi3_markerAvrg: average marker in 30mm sphere on central axis 15mm away from top
# roi4_markerAvrg: average marker in sphere segment cut-off at 41.25 mm from top

#time	markerAvrg	roi1_markerAvrg	roi2_markerAvrg	roi3_markerAvrg	roi4_markerAvrg
0.01	0.00010118	3.85273e-31	5.07322e-43	5.40152e-43	1.91688e-41
0.02	0.000201863	6.37321e-26	5.73702e-37	5.99065e-37	1.57762e-35
0.03	0.00030206	1.70158e-23	2.3165e-34	2.36295e-34	8.15675e-33
0.04	0.000401767	7.14307e-22	1.34602e-32	1.35448e-32	5.04899e-31
0.05	0.000500911	1.37891e-20	3.45505e-31	3.44026e-31	1.32186e-29
0.06	0.000599584	1.81992e-19	5.80209e-30	5.72691e-30	2.23662e-28
0.07	0.000697775	1.82623e-18	7.30164e-29	7.1507e-29	2.81213e-27
0.08	0.000795515	1.54815e-17	7.54902e-28	7.34227e-28	2.89779e-26
0.09	0.000892773	1.1011e-16	6.60805e-27	6.38424e-27	2.51861e-25
0.1	0.000989521	6.6813e-16	4.99821e-26	4.79619e-26	1.8832e-24
0.11	0.00108582	3.57996e-15	3.33886e-25	3.18242e-25	1.24098e-23
0.12	0.00118158	1.67228e-14	1.98708e-24	1.8807e-24	7.26198e-23
0.13	0.00127693	7.23407e-14	1.0746e-23	1.01013e-23	3.85894e-22
0.14	0.00137198	2.97401e-13	5.37522e-23	5.02071e-23	1.90054e-21
0.15	0.00146637	1.07228e-12	2.48427e-22	2.30467e-22	8.62795e-21
0.16	0.00156034	3.60799e-12	1.07061e-21	9.86347e-22	3.6488e-20
0.17	0.00165391	1.13249e-11	4.32101e-21	3.95262e-21	1.44346e-19
0.18	0.00174706	3.37246e-11	1.64405e-20	1.49309e-20	5.38151e-19
0.19	0.00183983	9.50854e-11	5.92299e-20	5.33991e-20	1.8992e-18
0.2	0.00193231	2.58883e-10	2.03235e-19	1.81895e-19	6.38591e-18
0.21	0.00202438	6.68684e-10	6.6665e-19	5.92275e-19	2.0529e-17
0.22	0.00211555	1.56473e-09	2.09346e-18	1.84569e-18	6.31114e-17
0.23	0.00220625	3.4839e-09	6.30982e-18	5.51894e-18	1.86046e-16
0.24	0.00229669	7.49409e-09	1.82869e-17	1.58626e-17	5.26821e-16
0.25	0.00238676	1.55058e-08	5.10532e-17	4.39043e-17	1.43578e-15
0.26	0.00247656	3.10612e-08	1.37577e-16	1.17258e-16	3.77452e-15
0.27	0.00256578	5.95254e-08	3.58557e-16	3.02788e-16	9.59087e-15
0.28	0.00265461	1.10371e-07	9.0554e-16	7.57462e-16	2.3603e-14
0.29	0.00274319	1.98807e-07	2.22027e-15	1.83923e-15	5.63633e-14
0.3	0.00283126	3.46021e-07	5.29421e-15	4.34235e-15	1.30818e-13
0.31	0.00291892	5.84141e-07	1.22964e-14	9.98458e-15	2.95545e-13
0.32	0.00300595	9.53591e-07	2.78582e-14	2.23918e-14	6.50787e-13
0.33	0.00309279	1.51836e-06	6.16457e-14	4.90447e-14	1.39845e-12
0.34	0.0031791	2.3481e-06	1.33394e-13	1.05044e-13	2.93569e-12
0.35	0.00326511	3.54351e-06	2.82566e-13	2.20251e-13	6.0264e-12
0.36	0.00335072	5.22042e-06	5.86514e-13	4.52559e-13	1.2108e-11
0.37	0.003436	7.52106e-06	1.19398e-12	9.12124e-13	2.38289e-11
0.38	0.00352089	1.05971e-05	2.38575e-12	1.80481e-12	4.59698e-11
0.39	0.00360537	1.46185e-05	4.68262e-12	3.50878e-12	8.69899e-11
0.4	0.00368952	1.97738e-05	9.03398e-12	6.70729e-12	1.61571e-10
0.41	0.00377323	2.62437e-05	1.71421e-11	1.26152e-11	2.94716e-10
0.42	0.00385663	3.4218e-05	3.201e-11	2.33598e-11	5.28226e-10
0.43	0.00393965	4.38751e-05	5.88526e-11	4.26097e-11	9.30737e-10
0.44	0.00402232	5.53798e-05	1.06587e-10	7.66006e-11	1.61297e-09
0.45	0.00410457	6.88736e-05	1.90233e-10	1.35781e-10	2.7505e-09
0.46	0.0041864	8.44967e-05	3.34716e-10	2.37414e-10	4.617e-09
0.47	0.00426804	0.000102313	5.80797e-10	4.09627e-10	7.6321e-09
0.48	0.00434931	0.000122389	9.94189e-10	6.97637e-10	1.24288e-08
0.49	0.00443016	0.000144751	1.67933e-09	1.17315e-09	1.9947e-08
0.5	0.00451057	0.000169386	2.79988e-09	1.94837e-09	3.15599e-08
0.51	0.00459056	0.000196256	4.60883e-09	3.19658e-09	4.92444e-08
0.52	0.00467014	0.000225297	7.49185e-09	5.18189e-09	7.58022e-08
0.53	0.00474931	0.00025643	1.2029e-08	8.30161e-09	1.15147e-07
0.54	0.00482809	0.000289561	1.90811e-08	1.31457e-08	1.72664e-07
0.55	0.00490697	0.000324657	2.99087e-08	2.05793e-08	2.55663e-07
0.56	0.00498501	0.000361495	4.63336e-08	3.18542e-08	3.73919e-07
0.57	0.00506268	0.000399993	7.09548e-08	4.87601e-08	5.4033e-07
0.58	0.00513999	0.00044007	1.07432e-07	7.38223e-08	7.71683e-07
0.59	0.00521671	0.000481595	1.60855e-07	1.1056e-07	1.08953e-06
0.6	0.00529281	0.000524448	2.38211e-07	1.63823e-07	1.52119e-06
0.61	0.00536841	0.000568558	3.48966e-07	2.40191e-07	2.10079e-06
0.62	0.00544409	0.000613897	5.05808e-07	3.48521e-07	2.87051e-06
0.63	0.00551855	0.000660211	7.25513e-07	5.00556e-07	3.88177e-06
0.64	0.00559286	0.000707529	1.03001e-06	7.11704e-07	5.19645e-06
0.65	0.00566694	0.000755777	1.44761e-06	1.00193e-06	6.88817e-06
0.66	0.00574074	0.000804888	2.01442e-06	1.39681e-06	9.04337e-06
0.67	0.00581422	0.000854797	2.77601e-06	1.92873e-06	1.17624e-05
0.68	0.00588734	0.000905441	3.78915e-06	2.63824e-06	1.51603e-05
0.69	0.00596014	0.000956768	5.12377e-06	3.57551e-06	1.93674e-05
0.7	0.0060326	0.00100873	6.86507e-06	4.80197e-06	2.45298e-05
0.71	0.00610473	0.00106128	9.11565e-06	6.39196e-06	3.08088e-05
0.72	0.00617655	0.00111437	1.19977e-05	8.43452e-06	3.83812e-05
0.73	0.00624803	0.00116798	1.5655e-05	1.10351e-05	4.74376e-05
0.74	0.00631938	0.00122208	2.0255e-05	1.43172e-05	5.8182e-05
0.75	0.00639053	0.00127665	2.59908e-05	1.84241e-05	7.08293e-05
0.76	0.00645942	0.00133147	3.30821e-05	2.35201e-05	8.56035e-05
0.77	0.00652827	0.00138663	4.17765e-05	2.97918e-05	0.000102735
0.78	0.00659694	0.00144212	5.23498e-05	3.74487e-05	0.000122459
0.79	0.00666534	0.00149792	6.51064e-05	4.67242e-05	0.000145009
0.8	0.00673346	0.00155399	8.03779e-05	5.78748e-05	0.000170619
0.81	0.00680131	0.00161033	9.8522e-05	7.11802e-05	0.000199515
0.82	0.00686889	0.00166691	0.00011992	8.6942e-05	0.000231915
0.83	0.0069362	0.00172371	0.000144975	0.000105482	0.000268024
0.84	0.00700324	0.0017807	0.000174106	0.000127141	0.000308032
0.85	0.00707	0.00183787	0.000207746	0.000152275	0.000352112
0.86	0.00713649	0.00189519	0.000246336	0.000181253	0.000400416
0.87	0.00720272	0.00195265	0.00029032	0.000214451	0.000453073
0.88	0.00726867	0.00201023	0.000340139	0.000252254	0.000510192
0.89	0.00733436	0.00206792	0.000396227	0.000295044	0.000571855
0.9	0.00739977	0.00212572	0.000459002	0.000343202	0.000638119
0.91	0.00746491	0.0021836	0.000528865	0.0003971	0.000709018
0.92	0.00752978	0.00224155	0.000606189	0.0004571	0.000784561
0.93	0.00759276	0.00229938	0.000691327	0.00052355	0.000864735
0.94	0.0076556	0.0023572	0.000784586	0.000596771	0.000949503
0.95	0.00771822	0.00241501	0.00088624	0.000677062	0.00103881
0.96	0.00778064	0.00247279	0.000996523	0.000764697	0.00113257
0.97	0.00784285	0.00253054	0.00111563	0.000859918	0.0012307
0.98	0.00790485	0.00258827	0.0012437	0.000962938	0.00133309
0.99	0.00796663	0.00264596	0.00138086	0.00107393	0.00143962
1	0.0080282	0.00270361	0.00152716	0.00119305	0.00155016
1.01	0.00808955	0.0027612	0.00168262	0.00132039	0.00166457
1.02	0.00814975	0.00281862	0.00184721	0.00145603	0.00178271
1.03	0.00820974	0.00287593	0.0020209	0.0016	0.00190442
1.04	0.00826951	0.00293313	0.00220359	0.00175231	0.00202956
1.05	0.00832905	0.0029902	0.00239515	0.00191294	0.00215797
1.06	0.00838837	0.00304714	0.00259545	0.00208182	0.00228949
1.07	0.00844747	0.00310395	0.00280429	0.00225888	0.00242398
1.08	0.00850636	0.00316063	0.00302148	0.00244398	0.00256128
1.09	0.00856502	0.00321718	0.00324681	0.002637	0.00270124
1.1	0.00862346	0.00327358	0.00348005	0.00283777	0.00284373
1.11	0.00868168	0.00332984	0.00372093	0.00304611	0.00298859
1.12	0.00873968	0.00338596	0.00396922	0.00326182	0.0031357
1.13	0.00879682	0.00344182	0.00422466	0.00348469	0.00328491
1.14	0.00885374	0.0034975	0.00448696	0.00371448	0.00343612
1.15	0.00891044	0.00355301	0.00475587	0.00395097	0.00358919
1.16	0.00896692	0.00360833	0.00503111	0.00419389	0.00374402
1.17	0.00902318	0.00366348	0.00531243	0.00444299	0.00390049
1.18	0.00907923	0.00371844	0.00559955	0.00469802	0.00405851
1.19	0.00913505	0.00377321	0.00589221	0.00495871	0.00421798
1.2	0.00919067	0.00382781	0.00619016	0.00522479	0.00437879
1.21	0.00924606	0.00388222	0.00649315	0.00549599	0.00454086
1.22	0.00930124	0.00393644	0.00680092	0.00577205	0.00470411
1.23	0.00935621	0.00399049	0.00711324	0.00605268	0.00486844
1.24	0.00941096	0.00404434	0.00742988	0.00633762	0.00503379
1.25	0.0094655	0.00409802	0.00775059	0.00662659	0.00520006
1.26	0.00951983	0.0041515	0.00807516	0.00691931	0.00536721
1.27	0.00957394	0.0042048	0.00840336	0.00721553	0.00553514
1.28	0.00962783	0.00425791	0.00873499	0.00751496	0.0057038
1.29	0.00968151	0.00431083	0.00906982	0.00781733	0.00587312
1.3	0.00973498	0.00436357	0.00940765	0.00812238	0.00604304
1.31	0.00978824	0.00441612	0.00974827	0.00842983	0.00621351
1.32	0.00984128	0.00446847	0.0100915	0.00873941	0.00638445
1.33	0.00989411	0.00452064	0.0104371	0.00905086	0.00655583
1.34	0.0099463	0.00457257	0.010785	0.00936394	0.00672769
1.35	0.00999828	0.00462428	0.0111349	0.00967839	0.00689988
1.36	0.01005	0.00467579	0.0114866	0.00999393	0.00707236
1.37	0.0101016	0.00472709	0.0118399	0.0103103	0.00724507
1.38	0.0101529	0.00477817	0.0121948	0.0106272	0.00741798
1.39	0.010204	0.00482905	0.0125508	0.0109445	0.00759104
1.4	0.0102549	0.00487971	0.0129079	0.0112617	0.00776421
1.41	0.0103056	0.00493016	0.0132658	0.0115788	0.00793745
1.42	0.010356	0.00498041	0.0136244	0.0118953	0.00811071
1.43	0.0104063	0.00503044	0.0139834	0.0122112	0.00828396
1.44	0.0104563	0.00508026	0.0143427	0.012526	0.00845717
1.45	0.0105061	0.00512988	0.014702	0.0128396	0.00863031
1.46	0.0105557	0.00517929	0.0150612	0.0131518	0.00880333
1.47	0.0106051	0.00522849	0.01542	0.0134623	0.00897621
1.48	0.0106543	0.00527748	0.0157782	0.0137708	0.00914893
1.49	0.0107032	0.00532626	0.0161356	0.0140772	0.00932144
1.5	0.010752	0.00537484	0.016492	0.0143812	0.00949374
1.51	0.0107008	0.00542344	0.0168471	0.0146825	0.00966566
1.52	0.0106512	0.00547191	0.0172007	0.0149812	0.00983731
1.53	0.0106019	0.00552024	0.0175528	0.0152768	0.0100087
1.54	0.0105528	0.00556844	0.0179031	0.0155694	0.0101798
1.55	0.0105036	0.00561649	0.0182514	0.0158588	0.0103505
1.56	0.0104547	0.0056644	0.0185976	0.0161447	0.0105209
1.57	0.010406	0.00571216	0.0189414	0.0164271	0.010691
1.58	0.0103575	0.00575977	0.0192826	0.0167058	0.0108606
1.59	0.0103091	0.00580724	0.019621	0.0169807	0.0110299
1.6	0.0102609	0.00585455	0.0199566	0.0172517	0.0111988
1.61	0.0102128	0.0059017	0.020289	0.0175186	0.0113673
1.62	0.0101647	0.0059487	0.0206182	0.0177815	0.0115354
1.63	0.0101169	0.00599553	0.020944	0.0180402	0.011703
1.64	0.010069	0.00604219	0.0212662	0.0182946	0.0118702
1.65	0.0100209	0.00608867	0.0215846	0.0185447	0.0120369
1.66	0.00997414	0.00613498	0.0218993	0.0187905	0.0122032
1.67	0.00992723	0.00618111	0.0222099	0.0190319	0.012369
1.68	0.00988043	0.00622705	0.0225164	0.0192689	0.0125343
1.69	0.0098339	0.00627281	0.0228187	0.0195015	0.0126991
1.7	0.00978737	0.00631837	0.0231167	0.0197296	0.0128635
1.71	0.00974125	0.00636374	0.0234102	0.0199533	0.0130273
1.72	0.00969528	0.00640892	0.0236993	0.0201726	0.0131906
1.73	0.00964945	0.0064539	0.0239838	0.0203874	0.0133534
1.74	0.00960366	0.00649869	0.0242636	0.0205979	0.0135157
1.75	0.00955819	0.00654328	0.0245388	0.020804	0.0136774
1.76	0.00951275	0.00658766	0.0248092	0.0210057	0.0138386
1.77	0.00946744	0.00663184	0.0250749	0.0212032	0.0139993
1.78	0.00942237	0.0066758	0.0253357	0.0213964	0.0141594
1.79	0.00937757	0.00671953	0.0255918	0.0215855	0.014319
1.8	0.00933278	0.00676302	0.025843	0.0217704	0.0144781
1.81	0.00928832	0.00680623	0.0260894	0.0219512	0.0146367
1.82	0.009244	0.00684912	0.026331	0.022128	0.0147947
1.83	0.00919987	0.00689163	0.0265678	0.0223008	0.0149522
1.84	0.00915606	0.00693369	0.0267998	0.0224697	0.0151091
1.85	0.00911254	0.00697522	0.0270271	0.0226348	0.0152656
1.86	0.00906911	0.00701608	0.0272497	0.0227962	0.0154215
1.87	0.00902588	0.00705615	0.0274677	0.0229539	0.015577
1.88	0.00898286	0.00709527	0.0276811	0.023108	0.0157319
1.89	0.00894004	0.00713327	0.0278899	0.0232586	0.0158863
1.9	0.00889741	0.00716996	0.0280944	0.0234057	0.0160403
1.91	0.00885497	0.00720515	0.0282944	0.0235496	0.0161937
1.92	0.00881273	0.00723866	0.0284901	0.0236901	0.0163467
1.93	0.00877068	0.00727031	0.0286817	0.0238275	0.0164991
1.94	0.00872881	0.00729992	0.028869	0.0239618	0.0166511
1.95	0.00868728	0.00732738	0.0290524	0.0240931	0.0168026
1.96	0.00864594	0.00735256	0.0292318	0.0242214	0.0169536
1.97	0.00860465	0.00737534	0.0294073	0.0243469	0.0171041
1.98	0.00856356	0.00739568	0.029579	0.0244697	0.0172542
1.99	0.00852267	0.00741354	0.029747	0.0245898	0.0174037
2	0.00848198	0.00742895	0.0299114	0.0247073	0.0175528
2.01	0.00844162	0.00744196	0.0300723	0.0248223	0.0177013
2.02	0.00840134	0.00745258	0.0302297	0.0249348	0.0178494
2.03	0.00836125	0.00746091	0.0303839	0.025045	0.0179969
2.04	0.00832137	0.00746704	0.0305347	0.0251528	0.0181439
2.05	0.00828169	0.00747108	0.0306824	0.0252585	0.0182903
2.06	0.00824221	0.00747313	0.0308269	0.025362	0.0184362
2.07	0.00820293	0.00747331	0.0309684	0.0254634	0.0185816
2.08	0.00816384	0.00747172	0.031107	0.0255627	0.0187263
2.09	0.00812495	0.00746847	0.0312426	0.0256601	0.0188704
2.1	0.00808624	0.00746368	0.0313754	0.0257555	0.0190138
2.11	0.00804773	0.00745742	0.0315054	0.0258491	0.0191566
2.12	0.0080094	0.00744981	0.0316327	0.0259408	0.0192986
2.13	0.00797126	0.00744091	0.0317573	0.0260307	0.0194398
2.14	0.0079333	0.00743082	0.0318792	0.0261188	0.0195802
2.15	0.00789553	0.00741961	0.0319986	0.0262051	0.0197196
2.16	0.00785794	0.00740734	0.0321153	0.0262898	0.019858
2.17	0.00782052	0.00739407	0.0322295	0.0263727	0.0199952
2.18	0.00778329	0.00737987	0.0323411	0.0264539	0.0201312
2.19	0.00774623	0.00736479	0.03245	0.0265333	0.0202659
2.2	0.00770936	0.00734887	0.0325564	0.026611	0.020399
2.21	0.00767265	0.00733217	0.0326601	0.0266869	0.0205304
2.22	0.00763613	0.00731472	0.032761	0.0267609	0.02066
2.23	0.00759978	0.00729657	0.0328591	0.026833	0.0207875
2.24	0.0075636	0.00727775	0.0329543	0.0269031	0.0209127
2.25	0.00752759	0.00725831	0.0330463	0.0269711	0.0210355
2.26	0.00749176	0.00723826	0.0331351	0.0270368	0.0211556
2.27	0.00745609	0.00721765	0.0332204	0.0271001	0.0212727
2.28	0.0074206	0.0071965	0.033302	0.0271608	0.0213867
2.29	0.00738528	0.00717485	0.0333797	0.0272187	0.0214972
2.3	0.00735012	0.00715271	0.0334531	0.0272736	0.0216042
2.31	0.00731513	0.00713012	0.033522	0.0273252	0.0217072
2.32	0.00728031	0.00710709	0.033586	0.0273732	0.0218062
2.33	0.00724565	0.00708366	0.0336447	0.0274174	0.0219009
2.34	0.00721116	0.00705985	0.0336978	0.0274574	0.0219911
2.35	0.00717683	0.00703567	0.0337449	0.0274929	0.0220766
2.36	0.00714267	0.00701115	0.0337855	0.0275236	0.0221573
2.37	0.00710867	0.00698631	0.0338193	0.0275491	0.0222331
2.38	0.00707483	0.00696116	0.0338459	0.027569	0.0223038
2.39	0.00704115	0.00693573	0.0338648	0.027583	0.0223694
2.4	0.00700763	0.00691003	0.0338757	0.0275907	0.0224298
2.41	0.00697427	0.00688409	0.0338782	0.0275917	0.0224849
2.42	0.00694107	0.00685791	0.0338719	0.0275858	0.0225348
2.43	0.00690803	0.00683152	0.0338566	0.0275725	0.0225794
2.44	0.00687514	0.00680493	0.0338319	0.0275516	0.0226189
2.45	0.00684241	0.00677815	0.0337976	0.0275228	0.0226532
2.46	0.00680984	0.0067512	0.0337535	0.0274858	0.0226824
2.47	0.00677742	0.00672409	0.0336995	0.0274404	0.0227066
2.48	0.00674515	0.00669684	0.0336352	0.0273863	0.0227259
2.49	0.00671304	0.00666946	0.0335608	0.0273235	0.0227405
2.5	0.00668108	0.00664196	0.0334761	0.0272518	0.0227504
2.51	0.00664927	0.00661436	0.0333812	0.027171	0.0227558
2.52	0.00661762	0.00658666	0.033276	0.0270811	0.0227569
2.53	0.00658611	0.00655888	0.0331607	0.0269822	0.0227537
2.54	0.00655475	0.00653102	0.0330353	0.0268741	0.0227465
2.55	0.00652355	0.0065031	0.0329	0.0267569	0.0227353
2.56	0.00649249	0.00647513	0.032755	0.0266306	0.0227205
2.57	0.00646158	0.00644712	0.0326003	0.0264955	0.022702
2.58	0.00643082	0.00641907	0.0324363	0.0263515	0.02268
2.59	0.0064002	0.006391	0.0322632	0.0261989	0.0226548
2.6	0.00636973	0.0063629	0.0320812	0.0260377	0.0226264
2.61	0.0063394	0.0063348	0.0318905	0.0258683	0.0225949
2.62	0.00630922	0.0063067	0.0316915	0.0256907	0.0225606
2.63	0.00627918	0.0062786	0.0314844	0.0255052	0.0225235
2.64	0.00624928	0.00625052	0.0312694	0.025312	0.0224838
2.65	0.00621953	0.00622245	0.0310469	0.0251115	0.0224416
2.66	0.00618991	0.00619441	0.0308171	0.0249037	0.0223969
2.67	0.00616044	0.0061664	0.0305802	0.024689	0.02235
2.68	0.00613111	0.00613843	0.0303367	0.0244677	0.0223009
2.69	0.00610191	0.0061105	0.0300867	0.02424	0.0222497
2.7	0.00607285	0.00608261	0.0298304	0.0240061	0.0221965
2.71	0.00604394	0.00605478	0.0295683	0.0237664	0.0221415
2.72	0.00601516	0.006027	0.0293004	0.0235212	0.0220846
2.73	0.00598651	0.00599928	0.0290271	0.0232707	0.022026
2.74	0.00595801	0.00597162	0.0287486	0.0230151	0.0219658
2.75	0.00592963	0.00594404	0.0284651	0.0227548	0.021904
2.76	0.0059014	0.00591653	0.0281769	0.0224901	0.0218407
2.77	0.0058733	0.00588909	0.0278843	0.0222212	0.021776
2.78	0.00584533	0.00586173	0.0275873	0.0219484	0.0217099
2.79	0.00581749	0.00583445	0.0272863	0.021672	0.0216426
2.8	0.00578979	0.00580725	0.0269815	0.0213923	0.0215741
2.81	0.00576222	0.00578014	0.026673	0.0211095	0.0215043
2.82	0.00573478	0.00575312	0.0263612	0.0208239	0.0214335
2.83	0.00570748	0.00572619	0.0260461	0.0205358	0.0213617
2.84	0.0056803	0.00569935	0.025728	0.0202454	0.0212889
2.85	0.00565325	0.00567261	0.0254072	0.0199531	0.0212151
2.86	0.00562633	0.00564597	0.0250837	0.0196591	0.0211404
2.87	0.00559955	0.00561943	0.0247579	0.0193637	0.0210649
2.88	0.00557289	0.00559298	0.0244299	0.0190671	0.0209887
2.89	0.00554636	0.00556664	0.0240999	0.0187696	0.0209117
2.9	0.00551995	0.0055404	0.0237682	0.0184716	0.0208339
2.91	0.00549367	0.00551427	0.0234349	0.0181731	0.0207556
2.92	0.00546752	0.00548824	0.0231002	0.0178746	0.0206766
2.93	0.00544148	0.00546231	0.0227644	0.0175763	0.020597
2.94	0.00541557	0.00543649	0.0224276	0.0172784	0.0205169
2.95	0.00538979	0.00541078	0.0220901	0.0169811	0.0204364
2.96	0.00536413	0.00538518	0.0217521	0.0166847	0.0203553
2.97	0.00533859	0.00535969	0.0214138	0.0163895	0.0202739
2.98	0.00531317	0.0053343	0.0210753	0.0160957	0.020192
2.99	0.00528787	0.00530903	0.020737	0.0158035	0.0201098
3	0.00526269	0.00528386	0.020399	0.0155131	0.0200272
3.01	0.00523764	0.00525881	0.0200616	0.0152248	0.0199444
3.02	0.0052127	0.00523386	0.0197249	0.0149386	0.0198613
3.03	0.00518789	0.00520903	0.0193892	0.014655	0.0197779
3.04	0.00516319	0.00518431	0.0190547	0.0143739	0.0196943
3.05	0.00513862	0.0051597	0.0187216	0.0140956	0.0196106
3.06	0.00511415	0.0051352	0.0183901	0.0138203	0.0195267
3.07	0.00508981	0.00511081	0.0180604	0.0135481	0.0194426
3.08	0.00506558	0.00508654	0.0177328	0.0132791	0.0193585
3.09	0.00504147	0.00506237	0.0174074	0.0130135	0.0192742
3.1	0.00501747	0.00503831	0.0170844	0.0127515	0.0191899
3.11	0.00499358	0.00501437	0.016764	0.0124931	0.0191055
3.12	0.00496981	0.00499053	0.0164464	0.0122384	0.0190211
3.13	0.00494616	0.00496681	0.0161318	0.0119876	0.0189366
3.14	0.00492261	0.0049432	0.0158204	0.0117407	0.0188522
3.15	0.00489918	0.00491969	0.0155123	0.0114977	0.0187678
3.16	0.00487586	0.0048963	0.0152076	0.0112588	0.0186835
3.17	0.00485265	0.00487302	0.0149066	0.0110241	0.0185992
3.18	0.00482955	0.00484984	0.0146094	0.0107934	0.018515
3.19	0.00480656	0.00482677	0.014316	0.010567	0.0184308
3.2	0.00478368	0.00480381	0.0140267	0.0103447	0.0183468
3.21	0.00476091	0.00478096	0.0137415	0.0101267	0.0182628
3.22	0.00473824	0.00475821	0.0134605	0.00991296	0.018179
3.23	0.00471569	0.00473557	0.0131839	0.00970343	0.0180953
3.24	0.00469324	0.00471304	0.0129116	0.00949814	0.0180118
3.25	0.0046709	0.00469062	0.0126439	0.00929707	0.0179284
3.26	0.00464867	0.0046683	0.0123807	0.0091002	0.0178452
3.27	0.00462654	0.00464608	0.012122	0.00890752	0.0177622
3.28	0.00460451	0.00462397	0.011868	0.00871899	0.0176793
3.29	0.00458259	0.00460196	0.0116187	0.00853458	0.0175967
3.3	0.00456078	0.00458006	0.0113741	0.00835425	0.0175142
3.31	0.00453906	0.00455827	0.0111341	0.00817795	0.017432
3.32	0.00451745	0.00453657	0.0108989	0.00800565	0.0173499
3.33	0.00449595	0.00451498	0.0106684	0.00783729	0.0172681
3.34	0.00447454	0.00449349	0.0104426	0.00767281	0.0171866
3.35	0.00445324	0.0044721	0.0102215	0.00751217	0.0171052
3.36	0.00443204	0.00445081	0.010005	0.00735531	0.0170241
3.37	0.00441094	0.00442963	0.00979314	0.00720216	0.0169433
3.38	0.00438993	0.00440854	0.00958589	0.00705266	0.0168627
3.39	0.00436903	0.00438755	0.00938319	0.00690675	0.0167824
3.4	0.00434823	0.00436667	0.00918499	0.00676437	0.0167023
3.41	0.00432753	0.00434588	0.00899126	0.00662545	0.0166225
3.42	0.00430693	0.00432519	0.00880192	0.00648993	0.016543
3.43	0.00428642	0.0043046	0.00861693	0.00635774	0.0164637
3.44	0.00426601	0.00428411	0.00843622	0.00622881	0.0163848
3.45	0.0042457	0.00426371	0.00825973	0.00610307	0.0163061
3.46	0.00422548	0.00424342	0.00808739	0.00598047	0.0162277
3.47	0.00420536	0.00422321	0.00791913	0.00586093	0.0161495
3.48	0.00418534	0.00420311	0.00775489	0.00574439	0.0160717
3.49	0.00416541	0.0041831	0.00759459	0.00563077	0.0159942
3.5	0.00414558	0.00416318	0.00743815	0.00552003	0.0159169
3.51	0.00412584	0.00414336	0.00728552	0.00541208	0.01584
3.52	0.0041062	0.00412363	0.0071366	0.00530687	0.0157633
3.53	0.00408665	0.004104	0.00699133	0.00520434	0.015687
3.54	0.00406719	0.00408446	0.00684964	0.00510441	0.015611
3.55	0.00404782	0.00406502	0.00671144	0.00500703	0.0155352
3.56	0.00402855	0.00404566	0.00657666	0.00491213	0.0154598
3.57	0.00400937	0.0040264	0.00644524	0.00481966	0.0153847
3.58	0.00399028	0.00400723	0.00631709	0.00472955	0.0153099
3.59	0.00397128	0.00398815	0.00619214	0.00464175	0.0152354
3.6	0.00395237	0.00396916	0.00607032	0.00455619	0.0151613
3.61	0.00393355	0.00395026	0.00595156	0.00447283	0.0150874
3.62	0.00391482	0.00393145	0.00583579	0.0043916	0.0150138
3.63	0.00389618	0.00391273	0.00572293	0.00431245	0.0149406
3.64	0.00387763	0.0038941	0.00561292	0.00423532	0.0148677
3.65	0.00385916	0.00387556	0.00550569	0.00416017	0.0147951
3.66	0.00384079	0.00385711	0.00540117	0.00408693	0.0147228
3.67	0.0038225	0.00383874	0.0052993	0.00401556	0.0146509
3.68	0.0038043	0.00382047	0.0052	0.00394601	0.0145792
3.69	0.00378619	0.00380228	0.00510322	0.00387822	0.0145079
3.7	0.00376816	0.00378417	0.00500889	0.00381216	0.0144369
3.71	0.00375021	0.00376615	0.00491695	0.00374777	0.0143662
3.72	0.00373236	0.00374822	0.00482734	0.003685	0.0142959
3.73	0.00371459	0.00373037	0.00474	0.00362382	0.0142258
3.74	0.0036969	0.00371261	0.00465486	0.00356417	0.0141561
3.75	0.0036793	0.00369493	0.00457188	0.00350601	0.0140867
3.76	0.00366178	0.00367734	0.00449099	0.00344931	0.0140176
3.77	0.00364434	0.00365983	0.00441215	0.00339402	0.0139489
3.78	0.00362699	0.0036424	0.00433528	0.00334009	0.0138804
3.79	0.00360972	0.00362506	0.00426035	0.0032875	0.0138123
3.8	0.00359253	0.0036078	0.0041873	0.0032362	0.0137445
3.81	0.00357542	0.00359062	0.00411607	0.00318616	0.013677
3.82	0.0035584	0.00357353	0.00404662	0.00313733	0.0136098
3.83	0.00354146	0.00355651	0.0039789	0.00308969	0.013543
3.84	0.00352459	0.00353958	0.00391286	0.00304319	0.0134764
3.85	0.00350781	0.00352272	0.00384846	0.00299781	0.0134102
3.86	0.00349111	0.00350595	0.00378564	0.00295352	0.0133443
3.87	0.00347448	0.00348925	0.00372437	0.00291027	0.0132786
3.88	0.00345794	0.00347264	0.0036646	0.00286804	0.0132133
3.89	0.00344148	0.0034561	0.00360628	0.0028268	0.0131483
3.9	0.00342509	0.00343965	0.00354938	0.00278652	0.0130837
3.91	0.00340878	0.00342327	0.00349385	0.00274718	0.0130193
3.92	0.00339255	0.00340697	0.00343966	0.00270873	0.0129552
3.93	0.0033764	0.00339075	0.00338677	0.00267116	0.0128914
3.94	0.00336032	0.0033746	0.00333514	0.00263445	0.012828
3.95	0.00334432	0.00335853	0.00328472	0.00259856	0.0127648
3.96	0.00332839	0.00334254	0.0032355	0.00256347	0.0127019
3.97	0.00331255	0.00332663	0.00318743	0.00252916	0.0126394
3.98	0.00329677	0.00331079	0.00314048	0.0024956	0.0125771
3.99	0.00328107	0.00329502	0.00309461	0.00246277	0.0125151
4	0.00326545	0.00327933	0.0030498	0.00243065	0.0124534
4.01	0.0032499	0.00326372	0.00300601	0.00239922	0.012392
4.02	0.00323443	0.00324818	0.00296321	0.00236846	0.0123309
4.03	0.00321903	0.00323271	0.00292138	0.00233835	0.01227
4.04	0.0032037	0.00321732	0.00288048	0.00230886	0.0122095
4.05	0.00318844	0.003202	0.00284049	0.00227999	0.0121492
4.06	0.00317326	0.00318675	0.00280138	0.00225171	0.0120892
4.07	0.00315815	0.00317158	0.00276312	0.002224	0.0120295
4.08	0.00314312	0.00315648	0.0027257	0.00219686	0.0119701
4.09	0.00312815	0.00314145	0.00268907	0.00217025	0.0119109
4.1	0.00311325	0.00312649	0.00265323	0.00214417	0.011852
4.11	0.00309843	0.0031116	0.00261815	0.0021186	0.0117934
4.12	0.00308368	0.00309679	0.0025838	0.00209352	0.011735
4.13	0.00306899	0.00308204	0.00255016	0.00206893	0.0116769
4.14	0.00305438	0.00306736	0.00251722	0.0020448	0.011619
4.15	0.00303984	0.00305276	0.00248495	0.00202113	0.0115615
4.16	0.00302536	0.00303822	0.00245333	0.00199789	0.0115041
4.17	0.00301096	0.00302376	0.00242235	0.00197509	0.011447
4.18	0.00299662	0.00300936	0.00239197	0.0019527	0.0113902
4.19	0.00298235	0.00299503	0.0023622	0.00193071	0.0113336
4.2	0.00296815	0.00298077	0.002333	0.00190912	0.0112773
4.21	0.00295402	0.00296658	0.00230437	0.00188791	0.0112212
4.22	0.00293995	0.00295245	0.00227628	0.00186707	0.0111653
4.23	0.00292595	0.00293839	0.00224873	0.00184659	0.0111097
4.24	0.00291202	0.0029244	0.00222168	0.00182646	0.0110543
4.25	0.00289816	0.00291048	0.00219514	0.00180667	0.0109992
4.26	0.00288436	0.00289662	0.00216909	0.00178721	0.0109443
4.27	0.00287062	0.00288282	0.0021435	0.00176808	0.0108896
4.28	0.00285695	0.0028691	0.00211838	0.00174926	0.0108351
4.29	0.00284335	0.00285544	0.0020937	0.00173074	0.0107809
4.3	0.00282981	0.00284184	0.00206945	0.00171252	0.0107268
4.31	0.00281634	0.00282831	0.00204562	0.00169459	0.010673
4.32	0.00280293	0.00281484	0.0020222	0.00167694	0.0106194
4.33	0.00278958	0.00280144	0.00199919	0.00165957	0.0105661
4.34	0.0027763	0.0027881	0.00197655	0.00164246	0.0105129
4.35	0.00276308	0.00277482	0.0019543	0.00162561	0.0104599
4.36	0.00274992	0.00276161	0.00193241	0.00160902	0.0104072
4.37	0.00273683	0.00274846	0.00191087	0.00159267	0.0103546
4.38	0.00272379	0.00273537	0.00188969	0.00157656	0.0103023
4.39	0.00271082	0.00272235	0.00186883	0.00156069	0.0102501
4.4	0.00269792	0.00270939	0.00184831	0.00154504	0.0101981
4.41	0.00268507	0.00269648	0.00182811	0.00152962	0.0101464
4.42	0.00267228	0.00268364	0.00180822	0.00151441	0.0100948
4.43	0.00265956	0.00267087	0.00178863	0.00149942	0.0100434
4.44	0.0026469	0.00265815	0.00176934	0.00148463	0.0099922
4.45	0.00263429	0.00264549	0.00175033	0.00147005	0.00994119
4.46	0.00262175	0.00263289	0.00173161	0.00145566	0.00989035
4.47	0.00260927	0.00262036	0.00171316	0.00144147	0.00983969
4.48	0.00259684	0.00260788	0.00169497	0.00142746	0.00978921
4.49	0.00258448	0.00259546	0.00167705	0.00141363	0.00973891
4.5	0.00257217	0.0025831	0.00165937	0.00139999	0.00968878
4.51	0.00255992	0.0025708	0.00164195	0.00138652	0.00963882
4.52	0.00254773	0.00255856	0.00162477	0.00137322	0.00958904
4.53	0.0025356	0.00254638	0.00160782	0.00136008	0.00953942
4.54	0.00252353	0.00253425	0.0015911	0.00134711	0.00948996
4.55	0.00251151	0.00252219	0.00157461	0.0013343	0.00944067
4.56	0.00249955	0.00251018	0.00155833	0.00132165	0.00939154
4.57	0.00248765	0.00249822	0.00154227	0.00130915	0.00934257
4.58	0.0024758	0.00248633	0.00152642	0.0012968	0.00929376
4.59	0.00246402	0.00247449	0.00151078	0.00128459	0.0092451
4.6	0.00245228	0.00246271	0.00149533	0.00127253	0.0091966
4.61	0.00244061	0.00245098	0.00148008	0.00126061	0.00914826
4.62	0.00242898	0.00243931	0.00146503	0.00124882	0.00910006
4.63	0.00241742	0.00242769	0.00145016	0.00123717	0.00905201
4.64	0.00240591	0.00241613	0.00143547	0.00122565	0.00900412
4.65	0.00239445	0.00240463	0.00142096	0.00121426	0.00895637
4.66	0.00238305	0.00239318	0.00140663	0.001203	0.00890876
4.67	0.0023717	0.00238178	0.00139247	0.00119186	0.0088613
4.68	0.00236041	0.00237044	0.00137848	0.00118084	0.00881398
4.69	0.00234917	0.00235915	0.00136466	0.00116994	0.0087668
4.7	0.00233798	0.00234792	0.00135099	0.00115915	0.00871976
4.71	0.00232685	0.00233674	0.00133749	0.00114849	0.00867286
4.72	0.00231577	0.00232561	0.00132414	0.00113793	0.0086261
4.73	0.00230474	0.00231454	0.00131095	0.00112748	0.00857947
4.74	0.00229377	0.00230352	0.0012979	0.00111715	0.00853298
4.75	0.00228285	0.00229255	0.00128501	0.00110692	0.00848662
4.76	0.00227198	0.00228163	0.00127226	0.00109679	0.00844039
4.77	0.00226116	0.00227077	0.00125965	0.00108677	0.00839429
4.78	0.00225039	0.00225996	0.00124718	0.00107684	0.00834833
4.79	0.00223967	0.00224919	0.00123485	0.00106702	0.00830249
4.8	0.00222901	0.00223848	0.00122265	0.00105729	0.00825678
4.81	0.0022184	0.00222783	0.00121059	0.00104766	0.0082112
4.82	0.00220783	0.00221722	0.00119866	0.00103812	0.00816574
4.83	0.00219732	0.00220666	0.00118686	0.00102868	0.00812041
4.84	0.00218686	0.00219615	0.00117518	0.00101933	0.00807521
4.85	0.00217644	0.00218569	0.00116363	0.00101006	0.00803013
4.86	0.00216608	0.00217529	0.0011522	0.00100089	0.00798517
4.87	0.00215576	0.00216493	0.00114089	0.000991801	0.00794033
4.88	0.0021455	0.00215462	0.0011297	0.000982798	0.00789561
4.89	0.00213528	0.00214436	0.00111863	0.00097388	0.00785102
4.9	0.00212511	0.00213415	0.00110768	0.000965046	0.00780654
4.91	0.002115	0.00212399	0.00109684	0.000956293	0.00776219
4.92	0.00210492	0.00211387	0.00108611	0.000947621	0.00771795
4.93	0.0020949	0.00210381	0.0010755	0.000939028	0.00767383
4.94	0.00208493	0.00209379	0.00106499	0.000930515	0.00762983
4.95	0.002075	0.00208382	0.00105459	0.000922078	0.00758594
4.96	0.00206512	0.0020739	0.0010443	0.000913719	0.00754217
4.97	0.00205528	0.00206402	0.00103412	0.000905435	0.00749852
4.98	0.0020455	0.00205419	0.00102404	0.000897225	0.00745498
4.99	0.00203576	0.00204441	0.00101406	0.000889089	0.00741156
5	0.00202606	0.00203467	0.00100419	0.000881026	0.00736826
