# markerAvrg: average marker throughout entire volume of phantom (including in- and outlets)
# roi1_markerAvrg: average marker in full phantom volume (without in- and outlets)
# roi2_markerAvrg: average marker in 30mm sphere on central axis 11mm away from top
# roi3_markerAvrg: average marker in 30mm sphere on central axis 15mm away from top
# roi4_markerAvrg: average marker in sphere segment cut-off at 41.25 mm from top

#time	markerAvrg	roi1_markerAvrg	roi2_markerAvrg	roi3_markerAvrg	roi4_markerAvrg
0.01	6.74531e-05	2.02914e-42	7.31805e-58	7.35174e-58	1.92449e-55
0.02	0.000134577	4.67773e-36	5.11784e-51	5.09112e-51	1.77566e-48
0.03	0.000201375	7.77212e-33	2.62611e-47	2.6286e-47	8.42354e-45
0.04	0.00026783	8.53431e-31	5.60184e-45	5.65872e-45	1.61439e-42
0.05	0.000333951	3.86634e-29	3.70756e-43	3.75766e-43	9.94904e-41
0.06	0.000399788	1.12981e-27	1.43833e-41	1.45537e-41	3.75049e-39
0.07	0.000465262	1.99172e-26	3.1673e-40	3.1847e-40	8.06537e-38
0.08	0.000530389	2.62652e-25	5.07062e-39	5.0616e-39	1.27601e-36
0.09	0.000595222	2.98413e-24	6.7707e-38	6.71774e-38	1.69875e-35
0.1	0.000659811	2.81316e-23	7.40913e-37	7.29759e-37	1.84718e-34
0.11	0.00072409	2.31539e-22	7.07669e-36	6.91806e-36	1.76237e-33
0.12	0.000787991	1.59539e-21	5.70628e-35	5.52239e-35	1.41453e-32
0.13	0.000851584	9.78548e-21	4.05077e-34	3.88058e-34	1.00087e-31
0.14	0.00091481	5.22743e-20	2.52947e-33	2.39384e-33	6.23936e-31
0.15	0.00097778	2.64489e-19	1.45122e-32	1.35866e-32	3.59052e-30
0.16	0.00104051	1.28753e-18	7.82691e-32	7.25955e-32	1.95473e-29
0.17	0.00110288	5.61322e-18	3.88579e-31	3.56011e-31	9.80191e-29
0.18	0.00116493	2.29558e-17	1.79803e-30	1.62591e-30	4.59295e-28
0.19	0.0012267	8.81735e-17	7.77075e-30	6.92358e-30	2.01349e-27
0.2	0.00128817	3.17792e-16	3.1452e-29	2.75523e-29	8.30582e-27
0.21	0.00134937	1.09324e-15	1.19851e-28	1.02995e-28	3.24677e-26
0.22	0.00141033	3.62857e-15	4.32966e-28	3.64172e-28	1.2129e-25
0.23	0.00147109	1.19474e-14	1.50265e-27	1.23588e-27	4.39134e-25
0.24	0.00153134	3.49315e-14	4.88779e-27	3.89065e-27	1.50851e-24
0.25	0.00159137	9.95887e-14	1.49684e-26	1.14161e-26	4.95085e-24
0.26	0.00165115	2.75695e-13	4.29404e-26	3.08226e-26	1.55644e-23
0.27	0.00171074	7.46681e-13	1.14972e-25	7.53189e-26	4.71729e-23
0.28	0.00176985	1.86448e-12	2.79136e-25	1.54068e-25	1.37206e-22
0.29	0.00182869	4.47087e-12	5.78442e-25	1.99059e-25	3.81896e-22
0.3	0.00188733	1.05619e-11	9.15942e-25	-1.92508e-25	1.02853e-21
0.31	0.00194571	2.42585e-11	2.68412e-25	-2.86059e-24	2.67105e-21
0.32	0.00200378	5.31126e-11	-6.1218e-24	-1.46615e-23	6.68096e-21
0.33	0.00206158	1.14632e-10	-3.49013e-23	-5.75103e-23	1.62529e-20
0.34	0.00211913	2.36716e-10	-1.42144e-22	-2.0027e-22	3.82413e-20
0.35	0.0021764	4.77002e-10	-4.95274e-22	-6.40909e-22	8.73464e-20
0.36	0.00223334	9.38238e-10	-1.5714e-21	-1.92761e-21	1.94161e-19
0.37	0.00228996	1.77632e-09	-4.67577e-21	-5.52702e-21	4.19736e-19
0.38	0.00234655	3.31725e-09	-1.32129e-20	-1.52059e-20	8.84146e-19
0.39	0.00240278	6.03196e-09	-3.57614e-20	-4.03456e-20	1.81819e-18
0.4	0.00245872	1.07014e-08	-9.32442e-20	-1.03626e-19	3.66368e-18
0.41	0.00251432	1.8475e-08	-2.35212e-19	-2.58407e-19	7.2704e-18
0.42	0.00256974	3.1278e-08	-5.76346e-19	-6.27551e-19	1.42189e-17
0.43	0.00262487	5.17492e-08	-1.3743e-18	-1.48626e-18	2.75842e-17
0.44	0.0026798	8.39607e-08	-3.19315e-18	-3.43614e-18	5.368e-17
0.45	0.00273449	1.33465e-07	-7.24831e-18	-7.77204e-18	1.04821e-16
0.46	0.00278888	2.07565e-07	-1.6092e-17	-1.7214e-17	2.06443e-16
0.47	0.00284302	3.16798e-07	-3.49587e-17	-3.73508e-17	4.13799e-16
0.48	0.00289695	4.74904e-07	-7.44379e-17	-7.95082e-17	8.39761e-16
0.49	0.00295066	6.98484e-07	-1.55499e-16	-1.66175e-16	1.71904e-15
0.5	0.00300413	1.01043e-06	-3.18694e-16	-3.4104e-16	3.5551e-15
0.51	0.00305709	1.43179e-06	-6.4164e-16	-6.88041e-16	7.35219e-15
0.52	0.00310991	1.99479e-06	-1.26955e-15	-1.36506e-15	1.51545e-14
0.53	0.00316237	2.745e-06	-2.46944e-15	-2.66429e-15	3.10232e-14
0.54	0.00321469	3.71315e-06	-4.72549e-15	-5.11881e-15	6.27947e-14
0.55	0.00326695	4.95854e-06	-8.8998e-15	-9.68489e-15	1.25339e-13
0.56	0.00331888	6.53609e-06	-1.64997e-14	-1.8049e-14	2.46569e-13
0.57	0.00337064	8.49522e-06	-3.01253e-14	-3.31459e-14	4.77351e-13
0.58	0.00342228	1.09156e-05	-5.41794e-14	-5.99967e-14	9.09289e-13
0.59	0.0034735	1.38346e-05	-9.60103e-14	-1.07074e-13	1.70361e-12
0.6	0.00352445	1.73126e-05	-1.67679e-13	-1.88455e-13	3.13956e-12
0.61	0.0035751	2.13914e-05	-2.88671e-13	-3.2719e-13	5.69249e-12
0.62	0.00362562	2.61647e-05	-4.89918e-13	-5.60443e-13	1.01583e-11
0.63	0.00367592	3.16967e-05	-8.19763e-13	-9.47287e-13	1.78462e-11
0.64	0.00372597	3.80312e-05	-1.35255e-12	-1.58029e-12	3.08766e-11
0.65	0.00377581	4.51952e-05	-2.20055e-12	-2.60229e-12	5.26361e-11
0.66	0.00382538	5.32226e-05	-3.53033e-12	-4.23051e-12	8.84517e-11
0.67	0.0038746	6.21327e-05	-5.5849e-12	-6.79072e-12	1.46535e-10
0.68	0.00392374	7.19822e-05	-8.71089e-12	-1.07634e-11	2.39479e-10
0.69	0.00397265	8.27693e-05	-1.33937e-11	-1.68472e-11	3.86203e-10
0.7	0.0040213	9.44974e-05	-2.02961e-11	-2.6042e-11	6.14852e-10
0.71	0.00406951	0.000107123	-3.03016e-11	-3.97561e-11	9.66666e-10
0.72	0.00411766	0.000120691	-4.45518e-11	-5.994e-11	1.50138e-09
0.73	0.00416539	0.000135128	-6.44602e-11	-8.92426e-11	2.30476e-09
0.74	0.00421305	0.000150453	-9.17073e-11	-1.31206e-10	3.49782e-09
0.75	0.00426056	0.000166654	-1.28169e-10	-1.9048e-10	5.24909e-09
0.76	0.00430773	0.00018367	-1.75663e-10	-2.72985e-10	7.79282e-09
0.77	0.00435477	0.000201487	-2.35548e-10	-3.86089e-10	1.145e-08
0.78	0.00440116	0.000220051	-3.08363e-10	-5.38944e-10	1.66456e-08
0.79	0.00444757	0.000239342	-3.91809e-10	-7.41756e-10	2.39667e-08
0.8	0.00449373	0.000259329	-4.80295e-10	-1.00648e-09	3.41685e-08
0.81	0.00453976	0.000279995	-5.61071e-10	-1.34513e-09	4.8255e-08
0.82	0.00458551	0.000301272	-6.10559e-10	-1.76869e-09	6.75311e-08
0.83	0.00463095	0.000323139	-5.90119e-10	-2.28584e-09	9.36489e-08
0.84	0.0046761	0.000345556	-4.34075e-10	-2.89638e-09	1.28766e-07
0.85	0.00472122	0.000368526	-4.59499e-11	-3.59133e-09	1.75521e-07
0.86	0.00476619	0.000392	7.25891e-10	-4.33813e-09	2.37303e-07
0.87	0.00481085	0.000415953	2.09539e-09	-5.07924e-09	3.18197e-07
0.88	0.00485517	0.000440342	4.38e-09	-5.70632e-09	4.2334e-07
0.89	0.00489947	0.000465169	8.01934e-09	-6.0516e-09	5.5889e-07
0.9	0.00494363	0.000490407	1.36245e-08	-5.85731e-09	7.32296e-07
0.91	0.0049875	0.000516026	2.2029e-08	-4.74474e-09	9.5246e-07
0.92	0.00503105	0.000541998	3.43546e-08	-2.17295e-09	1.22994e-06
0.93	0.00507431	0.000568303	5.20915e-08	2.61222e-09	1.57716e-06
0.94	0.0051173	0.000594921	7.71945e-08	1.06407e-08	2.0086e-06
0.95	0.00516005	0.000621836	1.12199e-07	2.32938e-08	2.54105e-06
0.96	0.00520256	0.000649029	1.60355e-07	4.23951e-08	3.19375e-06
0.97	0.00524485	0.000676486	2.25787e-07	7.03171e-08	3.98867e-06
0.98	0.00528693	0.000704192	3.13678e-07	1.10106e-07	4.95061e-06
0.99	0.00532875	0.000732128	4.30498e-07	1.65641e-07	6.1076e-06
1	0.00537088	0.000760323	5.84148e-07	2.4174e-07	7.49043e-06
1.01	0.00541256	0.000788721	7.84327e-07	3.44409e-07	9.13347e-06
1.02	0.00545377	0.0008173	1.0428e-06	4.81035e-07	1.10745e-05
1.03	0.00549516	0.00084609	1.37357e-06	6.60535e-07	1.33545e-05
1.04	0.00553617	0.00087505	1.79345e-06	8.93717e-07	1.60179e-05
1.05	0.00557728	0.000904198	2.32208e-06	1.19338e-06	1.91123e-05
1.06	0.0056179	0.00093349	2.98261e-06	1.57474e-06	2.26887e-05
1.07	0.0056586	0.000962949	3.80185e-06	2.05559e-06	2.68009e-05
1.08	0.0056996	0.000992593	4.81058e-06	2.65659e-06	3.15055e-05
1.09	0.00573785	0.00102219	6.04395e-06	3.40151e-06	3.6861e-05
1.1	0.00577602	0.00105187	7.54214e-06	4.31774e-06	4.29292e-05
1.11	0.00581406	0.00108162	9.35017e-06	5.4363e-06	4.97731e-05
1.12	0.00585196	0.00111145	1.15184e-05	6.79209e-06	5.74569e-05
1.13	0.00588972	0.00114134	1.41026e-05	8.42423e-06	6.60456e-05
1.14	0.00592735	0.0011713	1.71645e-05	1.03762e-05	7.56048e-05
1.15	0.00596483	0.00120133	2.07712e-05	1.26958e-05	8.61996e-05
1.16	0.00600218	0.00123141	2.49959e-05	1.54357e-05	9.78949e-05
1.17	0.00603939	0.00126155	2.99177e-05	1.86532e-05	0.000110754
1.18	0.00607646	0.00129173	3.56209e-05	2.241e-05	0.000124839
1.19	0.00611339	0.00132197	4.21956e-05	2.67727e-05	0.000140208
1.2	0.00615019	0.00135224	4.97369e-05	3.18123e-05	0.000156919
1.21	0.00618685	0.00138254	5.83445e-05	3.76041e-05	0.000175026
1.22	0.00622337	0.00141287	6.81224e-05	4.42274e-05	0.000194577
1.23	0.0062592	0.00144319	7.91666e-05	5.17577e-05	0.000215606
1.24	0.00629495	0.00147351	9.15969e-05	6.02876e-05	0.000238165
1.25	0.00633058	0.00150384	0.000105527	6.99071e-05	0.000262294
1.26	0.00636608	0.00153416	0.000121072	8.07087e-05	0.000288024
1.27	0.00640144	0.00156448	0.000138347	9.27869e-05	0.000315384
1.28	0.00643667	0.0015948	0.000157468	0.000106237	0.000344394
1.29	0.00647177	0.0016251	0.00017855	0.000121157	0.000375074
1.3	0.00650674	0.00165539	0.000201704	0.000137643	0.000407433
1.31	0.00654158	0.00168567	0.000227042	0.000155792	0.00044148
1.32	0.00657629	0.00171593	0.00025467	0.0001757	0.000477217
1.33	0.00661086	0.00174618	0.00028469	0.000197462	0.00051464
1.34	0.0066453	0.0017764	0.000317201	0.000221171	0.000553741
1.35	0.00667962	0.00180661	0.000352294	0.000246916	0.00059451
1.36	0.0067138	0.00183679	0.000390055	0.000274783	0.00063693
1.37	0.00674785	0.00186695	0.000430562	0.000304856	0.00068098
1.38	0.00678177	0.00189708	0.000473888	0.000337212	0.000726638
1.39	0.00681556	0.00192717	0.000520096	0.000371926	0.000773877
1.4	0.00684922	0.00195724	0.000569242	0.000409065	0.000822667
1.41	0.00688275	0.00198727	0.000621375	0.000448693	0.000872975
1.42	0.00691614	0.00201726	0.000676534	0.000490867	0.000924768
1.43	0.00694847	0.00204712	0.000734795	0.000535673	0.000978025
1.44	0.00698068	0.00207691	0.000796138	0.000583121	0.00103269
1.45	0.00701277	0.00210664	0.000860577	0.000633249	0.00108872
1.46	0.00704474	0.0021363	0.000928118	0.000686089	0.00114608
1.47	0.0070766	0.00216589	0.000998763	0.000741665	0.00120472
1.48	0.00710833	0.00219542	0.0010725	0.000799997	0.0012646
1.49	0.00713996	0.00222487	0.00114933	0.000861097	0.00132569
1.5	0.00717146	0.00225426	0.00122921	0.000924971	0.00138793
1.51	0.00713736	0.00228377	0.00131211	0.000991597	0.00145128
1.52	0.00710483	0.00231326	0.00139801	0.00106099	0.0015157
1.53	0.00707227	0.00234273	0.00148688	0.00113315	0.00158115
1.54	0.00703963	0.00237217	0.00157868	0.00120805	0.00164759
1.55	0.00700694	0.00240158	0.00167336	0.00128567	0.00171498
1.56	0.00697444	0.00243096	0.00177088	0.00136599	0.00178327
1.57	0.00694207	0.0024603	0.00187118	0.00144897	0.00185243
1.58	0.00690966	0.0024896	0.00197421	0.00153458	0.00192241
1.59	0.00687757	0.00251886	0.00207991	0.00162278	0.00199319
1.6	0.00684557	0.00254808	0.00218821	0.00171353	0.00206472
1.61	0.00681345	0.00257726	0.00229907	0.00180679	0.00213696
1.62	0.0067815	0.0026064	0.00241241	0.0019025	0.00220988
1.63	0.00674962	0.0026355	0.00252816	0.00200061	0.00228345
1.64	0.00671784	0.00266456	0.00264628	0.00210107	0.00235763
1.65	0.00668612	0.00269357	0.00276668	0.00220382	0.00243239
1.66	0.00665463	0.00272254	0.0028893	0.00230882	0.0025077
1.67	0.00662364	0.00275145	0.00301408	0.00241598	0.00258353
1.68	0.00659235	0.00278032	0.00314095	0.00252527	0.00265985
1.69	0.0065612	0.00280912	0.00326984	0.00263661	0.00273663
1.7	0.00653009	0.00283787	0.00340069	0.00274994	0.00281385
1.71	0.00649904	0.00286656	0.00353343	0.0028652	0.00289147
1.72	0.00646776	0.00289518	0.00366799	0.00298232	0.00296949
1.73	0.00643721	0.00292373	0.00380432	0.00310125	0.00304786
1.74	0.00640682	0.00295221	0.00394234	0.00322191	0.00312657
1.75	0.00637659	0.00298062	0.004082	0.00334425	0.0032056
1.76	0.00634682	0.00300895	0.00422323	0.00346819	0.00328492
1.77	0.00631685	0.00303721	0.00436597	0.00359367	0.00336452
1.78	0.00628704	0.00306538	0.00451017	0.00372063	0.00344438
1.79	0.00625734	0.00309348	0.00465576	0.00384899	0.00352447
1.8	0.00622777	0.00312149	0.00480268	0.00397871	0.00360478
1.81	0.00619818	0.00314941	0.00495089	0.00410971	0.00368529
1.82	0.00616836	0.00317725	0.00510032	0.00424193	0.00376599
1.83	0.00613918	0.00320499	0.00525092	0.00437531	0.00384686
1.84	0.00611011	0.00323265	0.00540264	0.00450978	0.00392789
1.85	0.00608108	0.00326022	0.00555543	0.00464527	0.00400906
1.86	0.00605226	0.00328769	0.00570923	0.00478174	0.00409035
1.87	0.00602381	0.00331507	0.005864	0.00491911	0.00417176
1.88	0.00599524	0.00334235	0.00601969	0.00505732	0.00425327
1.89	0.00596683	0.00336953	0.00617625	0.00519632	0.00433487
1.9	0.00593847	0.00339662	0.00633363	0.00533603	0.00441655
1.91	0.00591026	0.0034236	0.00649179	0.00547641	0.0044983
1.92	0.00588194	0.00345048	0.00665069	0.00561739	0.00458011
1.93	0.00585426	0.00347726	0.00681027	0.00575891	0.00466196
1.94	0.0058265	0.00350392	0.00697051	0.00590091	0.00474386
1.95	0.00579872	0.00353047	0.00713135	0.00604333	0.00482578
1.96	0.00577118	0.00355689	0.00729275	0.00618612	0.00490773
1.97	0.00574367	0.00358318	0.00745468	0.00632921	0.0049897
1.98	0.00571632	0.00360933	0.00761709	0.00647256	0.00507168
1.99	0.00568911	0.00363531	0.00777994	0.00661609	0.00515366
2	0.00566197	0.0036611	0.0079432	0.00675977	0.00523563
2.01	0.00563489	0.00368668	0.00810682	0.00690353	0.0053176
2.02	0.00560824	0.00371203	0.00827076	0.00704731	0.00539956
2.03	0.00558152	0.00373709	0.008435	0.00719107	0.0054815
2.04	0.00555488	0.00376183	0.00859949	0.00733475	0.00556341
2.05	0.00552847	0.0037862	0.00876419	0.0074783	0.0056453
2.06	0.00550215	0.00381015	0.00892907	0.00762167	0.00572715
2.07	0.00547589	0.00383362	0.0090941	0.0077648	0.00580898
2.08	0.00544972	0.00385653	0.00925923	0.00790766	0.00589076
2.09	0.00542368	0.00387884	0.00942443	0.00805018	0.0059725
2.1	0.00539777	0.00390048	0.00958967	0.00819233	0.0060542
2.11	0.00537202	0.00392139	0.00975491	0.00833406	0.00613584
2.12	0.00534642	0.00394152	0.00992011	0.00847532	0.00621744
2.13	0.00532088	0.0039608	0.0100853	0.00861608	0.00629898
2.14	0.00529551	0.00397918	0.0102503	0.00875628	0.00638046
2.15	0.00527028	0.00399663	0.0104152	0.00889589	0.00646187
2.16	0.00524513	0.0040131	0.0105799	0.00903487	0.00654322
2.17	0.00522006	0.00402856	0.0107444	0.00917319	0.0066245
2.18	0.00519518	0.004043	0.0109087	0.00931079	0.00670571
2.19	0.00517037	0.0040564	0.0110728	0.00944766	0.00678683
2.2	0.00514573	0.00406876	0.0112365	0.00958376	0.00686788
2.21	0.00512115	0.00408008	0.0113998	0.00971904	0.00694883
2.22	0.00509676	0.00409038	0.0115628	0.00985349	0.0070297
2.23	0.0050725	0.00409968	0.0117254	0.00998708	0.00711046
2.24	0.00504829	0.00410797	0.0118876	0.0101198	0.00719113
2.25	0.00502426	0.00411531	0.0120492	0.0102515	0.00727169
2.26	0.00500036	0.00412171	0.0122104	0.0103823	0.00735213
2.27	0.00497649	0.00412719	0.012371	0.0105122	0.00743246
2.28	0.00495282	0.00413182	0.0125311	0.010641	0.00751267
2.29	0.00492928	0.0041356	0.0126905	0.0107688	0.00759274
2.3	0.00490576	0.00413857	0.0128492	0.0108956	0.00767269
2.31	0.0048824	0.00414076	0.0130073	0.0110214	0.00775249
2.32	0.00485915	0.00414222	0.0131647	0.011146	0.00783214
2.33	0.00483602	0.00414297	0.0133213	0.0112695	0.00791164
2.34	0.00481294	0.00414304	0.0134771	0.011392	0.00799098
2.35	0.00479001	0.00414247	0.0136321	0.0115133	0.00807014
2.36	0.00476719	0.00414128	0.0137862	0.0116334	0.00814913
2.37	0.00474447	0.0041395	0.0139394	0.0117524	0.00822793
2.38	0.00472187	0.00413716	0.0140917	0.0118702	0.00830654
2.39	0.00469937	0.00413429	0.0142431	0.0119869	0.00838493
2.4	0.00467699	0.0041309	0.0143934	0.0121023	0.00846311
2.41	0.00465471	0.00412702	0.0145427	0.0122165	0.00854105
2.42	0.00463254	0.00412267	0.014691	0.0123296	0.00861875
2.43	0.00461047	0.00411788	0.0148381	0.0124414	0.00869618
2.44	0.00458851	0.00411266	0.0149842	0.0125519	0.00877333
2.45	0.00456666	0.00410702	0.015129	0.0126613	0.00885017
2.46	0.00454491	0.004101	0.0152727	0.0127694	0.00892669
2.47	0.00452326	0.00409459	0.0154152	0.0128762	0.00900285
2.48	0.00450172	0.00408783	0.0155564	0.0129818	0.00907864
2.49	0.00448028	0.00408072	0.0156964	0.0130861	0.00915401
2.5	0.00445894	0.00407328	0.015835	0.0131891	0.00922893
2.51	0.00443771	0.00406552	0.0159723	0.0132909	0.00930338
2.52	0.00441658	0.00405746	0.0161082	0.0133914	0.0093773
2.53	0.00439554	0.0040491	0.0162427	0.0134906	0.00945065
2.54	0.00437461	0.00404046	0.0163758	0.0135885	0.00952339
2.55	0.00435378	0.00403155	0.0165074	0.0136851	0.00959546
2.56	0.00433305	0.00402238	0.0166374	0.0137804	0.00966682
2.57	0.00431241	0.00401296	0.0167659	0.0138743	0.0097374
2.58	0.00429188	0.00400329	0.0168928	0.0139669	0.00980715
2.59	0.00427144	0.0039934	0.0170181	0.0140581	0.00987601
2.6	0.0042511	0.00398328	0.0171417	0.014148	0.00994391
2.61	0.00423086	0.00397294	0.0172635	0.0142364	0.0100108
2.62	0.00421071	0.0039624	0.0173835	0.0143234	0.0100766
2.63	0.00419066	0.00395166	0.0175016	0.0144089	0.0101412
2.64	0.00417071	0.00394072	0.0176178	0.0144929	0.0102046
2.65	0.00415085	0.00392961	0.017732	0.0145754	0.0102667
2.66	0.00413108	0.00391831	0.0178441	0.0146563	0.0103275
2.67	0.00411141	0.00390685	0.0179541	0.0147355	0.0103868
2.68	0.00409184	0.00389522	0.0180618	0.0148131	0.0104447
2.69	0.00407235	0.00388343	0.0181672	0.0148889	0.010501
2.7	0.00405296	0.0038715	0.0182702	0.014963	0.0105557
2.71	0.00403366	0.00385941	0.0183706	0.0150351	0.0106087
2.72	0.00401446	0.00384719	0.0184684	0.0151054	0.01066
2.73	0.00399534	0.00383484	0.0185635	0.0151736	0.0107096
2.74	0.00397632	0.00382235	0.0186558	0.0152398	0.0107574
2.75	0.00395739	0.00380975	0.0187451	0.0153038	0.0108033
2.76	0.00393854	0.00379702	0.0188315	0.0153656	0.0108473
2.77	0.00391979	0.00378419	0.0189146	0.0154251	0.0108894
2.78	0.00390113	0.00377125	0.0189945	0.0154821	0.0109296
2.79	0.00388255	0.0037582	0.0190711	0.0155367	0.0109679
2.8	0.00386407	0.00374506	0.0191442	0.0155887	0.0110042
2.81	0.00384567	0.00373183	0.0192137	0.0156381	0.0110385
2.82	0.00382736	0.00371851	0.0192796	0.0156847	0.0110709
2.83	0.00380913	0.0037051	0.0193417	0.0157286	0.0111012
2.84	0.003791	0.00369162	0.0194	0.0157695	0.0111296
2.85	0.00377295	0.00367806	0.0194544	0.0158074	0.0111561
2.86	0.00375498	0.00366443	0.0195049	0.0158423	0.0111806
2.87	0.0037371	0.00365074	0.0195512	0.0158741	0.0112032
2.88	0.00371931	0.00363698	0.0195935	0.0159026	0.0112239
2.89	0.0037016	0.00362316	0.0196316	0.0159279	0.0112427
2.9	0.00368397	0.00360929	0.0196655	0.01595	0.0112597
2.91	0.00366643	0.00359536	0.0196952	0.0159686	0.0112749
2.92	0.00364898	0.00358139	0.0197206	0.0159839	0.0112882
2.93	0.0036316	0.00356738	0.0197417	0.0159956	0.0112999
2.94	0.00361431	0.00355332	0.0197586	0.016004	0.0113098
2.95	0.0035971	0.00353923	0.0197712	0.0160088	0.0113181
2.96	0.00357997	0.0035251	0.0197794	0.01601	0.0113247
2.97	0.00356293	0.00351094	0.0197834	0.0160077	0.0113298
2.98	0.00354596	0.00349675	0.0197832	0.0160019	0.0113333
2.99	0.00352908	0.00348254	0.0197787	0.0159925	0.0113353
3	0.00351227	0.00346831	0.0197701	0.0159795	0.0113359
3.01	0.00349555	0.00345405	0.0197573	0.015963	0.011335
3.02	0.00347891	0.00343978	0.0197404	0.015943	0.0113327
3.03	0.00346234	0.0034255	0.0197194	0.0159194	0.0113291
3.04	0.00344586	0.0034112	0.0196945	0.0158923	0.0113243
3.05	0.00342945	0.0033969	0.0196656	0.0158618	0.0113181
3.06	0.00341312	0.00338259	0.0196328	0.0158279	0.0113107
3.07	0.00339687	0.00336828	0.0195963	0.0157905	0.0113022
3.08	0.00338069	0.00335396	0.0195559	0.0157498	0.0112925
3.09	0.0033646	0.00333965	0.0195119	0.0157059	0.0112817
3.1	0.00334858	0.00332534	0.0194643	0.0156586	0.0112699
3.11	0.00333263	0.00331103	0.0194132	0.0156082	0.011257
3.12	0.00331676	0.00329673	0.0193586	0.0155546	0.0112431
3.13	0.00330097	0.00328245	0.0193006	0.015498	0.0112282
3.14	0.00328525	0.00326817	0.0192394	0.0154383	0.0112124
3.15	0.00326961	0.0032539	0.0191749	0.0153757	0.0111957
3.16	0.00325404	0.00323965	0.0191072	0.0153101	0.0111781
3.17	0.00323854	0.00322542	0.0190365	0.0152418	0.0111597
3.18	0.00322312	0.00321121	0.0189628	0.0151706	0.0111405
3.19	0.00320778	0.00319701	0.0188862	0.0150968	0.0111204
3.2	0.0031925	0.00318284	0.0188067	0.0150204	0.0110996
3.21	0.0031773	0.00316869	0.0187244	0.0149414	0.0110781
3.22	0.00316217	0.00315456	0.0186394	0.0148599	0.0110558
3.23	0.00314711	0.00314047	0.0185518	0.0147759	0.0110329
3.24	0.00313213	0.00312639	0.0184617	0.0146897	0.0110093
3.25	0.00311721	0.00311235	0.0183691	0.0146011	0.010985
3.26	0.00310237	0.00309834	0.018274	0.0145103	0.0109601
3.27	0.0030876	0.00308436	0.0181766	0.0144174	0.0109346
3.28	0.0030729	0.00307041	0.0180769	0.0143224	0.0109086
3.29	0.00305826	0.0030565	0.017975	0.0142254	0.0108819
3.3	0.0030437	0.00304262	0.017871	0.0141265	0.0108547
3.31	0.00302921	0.00302877	0.0177648	0.0140257	0.010827
3.32	0.00301478	0.00301496	0.0176567	0.0139231	0.0107988
3.33	0.00300043	0.00300119	0.0175465	0.0138188	0.01077
3.34	0.00298614	0.00298746	0.0174345	0.0137128	0.0107408
3.35	0.00297192	0.00297377	0.0173206	0.0136052	0.0107112
3.36	0.00295777	0.00296012	0.017205	0.0134961	0.0106811
3.37	0.00294368	0.00294651	0.0170876	0.0133855	0.0106505
3.38	0.00292967	0.00293294	0.0169685	0.0132735	0.0106196
3.39	0.00291572	0.00291942	0.0168478	0.0131602	0.0105882
3.4	0.00290183	0.00290594	0.0167256	0.0130457	0.0105565
3.41	0.00288801	0.0028925	0.0166018	0.0129299	0.0105244
3.42	0.00287426	0.00287911	0.0164766	0.0128131	0.010492
3.43	0.00286058	0.00286576	0.01635	0.0126951	0.0104592
3.44	0.00284695	0.00285246	0.0162221	0.0125762	0.010426
3.45	0.0028334	0.0028392	0.0160929	0.0124563	0.0103926
3.46	0.00281991	0.002826	0.0159624	0.0123356	0.0103588
3.47	0.00280648	0.00281284	0.0158307	0.012214	0.0103248
3.48	0.00279311	0.00279972	0.0156979	0.0120918	0.0102904
3.49	0.00277981	0.00278666	0.015564	0.0119688	0.0102559
3.5	0.00276658	0.00277364	0.015429	0.0118452	0.010221
3.51	0.00275341	0.00276068	0.0152931	0.0117211	0.0101859
3.52	0.0027403	0.00274776	0.0151562	0.0115965	0.0101505
3.53	0.00272725	0.0027349	0.0150184	0.0114715	0.010115
3.54	0.00271427	0.00272208	0.0148798	0.0113461	0.0100792
3.55	0.00270134	0.00270931	0.0147404	0.0112205	0.0100432
3.56	0.00268848	0.0026966	0.0146002	0.0110945	0.010007
3.57	0.00267568	0.00268393	0.0144594	0.0109684	0.00997066
3.58	0.00266294	0.00267132	0.0143179	0.0108422	0.00993412
3.59	0.00265026	0.00265876	0.0141759	0.010716	0.0098974
3.6	0.00263764	0.00264624	0.0140332	0.0105897	0.00986053
3.61	0.00262509	0.00263379	0.0138901	0.0104635	0.00982351
3.62	0.00261259	0.00262138	0.0137466	0.0103373	0.00978635
3.63	0.00260015	0.00260902	0.0136026	0.0102114	0.00974906
3.64	0.00258777	0.00259672	0.0134583	0.0100857	0.00971165
3.65	0.00257545	0.00258447	0.0133137	0.00996021	0.00967411
3.66	0.00256318	0.00257227	0.0131689	0.00983508	0.00963648
3.67	0.00255098	0.00256012	0.0130239	0.00971033	0.00959874
3.68	0.00253883	0.00254803	0.0128787	0.00958599	0.0095609
3.69	0.00252675	0.00253598	0.0127334	0.00946213	0.00952299
3.7	0.00251472	0.00252399	0.0125881	0.00933879	0.00948499
3.71	0.00250275	0.00251206	0.0124428	0.00921601	0.00944692
3.72	0.00249083	0.00250017	0.0122976	0.00909384	0.00940879
3.73	0.00247898	0.00248834	0.0121525	0.00897232	0.00937061
3.74	0.00246717	0.00247656	0.0120075	0.00885149	0.00933237
3.75	0.00245543	0.00246483	0.0118627	0.0087314	0.00929408
3.76	0.00244374	0.00245316	0.0117182	0.00861208	0.00925576
3.77	0.0024321	0.00244153	0.0115739	0.00849356	0.00921741
3.78	0.00242053	0.00242996	0.0114301	0.00837589	0.00917902
3.79	0.002409	0.00241844	0.0112866	0.00825909	0.00914062
3.8	0.00239753	0.00240697	0.0111435	0.0081432	0.0091022
3.81	0.00238612	0.00239556	0.011001	0.00802825	0.00906378
3.82	0.00237476	0.00238419	0.010859	0.00791427	0.00902534
3.83	0.00236345	0.00237288	0.0107175	0.00780129	0.00898691
3.84	0.0023522	0.00236162	0.0105767	0.00768932	0.00894848
3.85	0.002341	0.00235041	0.0104366	0.00757841	0.00891007
3.86	0.00232986	0.00233925	0.0102972	0.00746856	0.00887167
3.87	0.00231877	0.00232815	0.0101585	0.00735981	0.00883328
3.88	0.00230773	0.00231709	0.0100206	0.00725217	0.00879493
3.89	0.00229675	0.00230609	0.00988354	0.00714566	0.0087566
3.9	0.00228581	0.00229513	0.00974736	0.0070403	0.0087183
3.91	0.00227493	0.00228423	0.00961209	0.0069361	0.00868004
3.92	0.0022641	0.00227338	0.00947777	0.00683307	0.00864182
3.93	0.00225332	0.00226257	0.00934442	0.00673124	0.00860364
3.94	0.00224259	0.00225182	0.0092121	0.00663061	0.00856552
3.95	0.00223192	0.00224112	0.00908082	0.00653119	0.00852744
3.96	0.00222129	0.00223047	0.00895061	0.006433	0.00848942
3.97	0.00221072	0.00221986	0.00882152	0.00633603	0.00845145
3.98	0.00220019	0.00220931	0.00869357	0.0062403	0.00841355
3.99	0.00218972	0.0021988	0.00856678	0.00614581	0.00837572
4	0.00217929	0.00218835	0.00844119	0.00605257	0.00833794
4.01	0.00216892	0.00217794	0.00831681	0.00596057	0.00830025
4.02	0.0021586	0.00216759	0.00819367	0.00586982	0.00826262
4.03	0.00214832	0.00215728	0.00807179	0.00578032	0.00822507
4.04	0.0021381	0.00214702	0.00795119	0.00569208	0.0081876
4.05	0.00212792	0.00213681	0.0078319	0.00560508	0.00815021
4.06	0.00211779	0.00212664	0.00771392	0.00551933	0.0081129
4.07	0.00210771	0.00211653	0.00759727	0.00543482	0.00807568
4.08	0.00209768	0.00210646	0.00748197	0.00535155	0.00803855
4.09	0.00208769	0.00209644	0.00736803	0.00526952	0.00800151
4.1	0.00207775	0.00208647	0.00725547	0.00518872	0.00796456
4.11	0.00206786	0.00207654	0.00714429	0.00510914	0.00792771
4.12	0.00205802	0.00206666	0.0070345	0.00503078	0.00789095
4.13	0.00204822	0.00205683	0.00692611	0.00495362	0.00785429
4.14	0.00203847	0.00204704	0.00681912	0.00487767	0.00781773
4.15	0.00202876	0.0020373	0.00671354	0.00480291	0.00778128
4.16	0.00201911	0.00202761	0.00660938	0.00472933	0.00774492
4.17	0.00200949	0.00201796	0.00650664	0.00465692	0.00770868
4.18	0.00199993	0.00200835	0.00640531	0.00458568	0.00767254
4.19	0.00199041	0.0019988	0.0063054	0.00451558	0.0076365
4.2	0.00198093	0.00198928	0.0062069	0.00444663	0.00760058
4.21	0.0019715	0.00197982	0.00610982	0.0043788	0.00756477
4.22	0.00196211	0.00197039	0.00601416	0.00431209	0.00752907
4.23	0.00195277	0.00196102	0.0059199	0.00424649	0.00749349
4.24	0.00194347	0.00195168	0.00582704	0.00418198	0.00745802
4.25	0.00193422	0.00194239	0.00573558	0.00411854	0.00742266
4.26	0.00192501	0.00193315	0.00564551	0.00405617	0.00738742
4.27	0.00191584	0.00192395	0.00555682	0.00399486	0.0073523
4.28	0.00190672	0.00191479	0.0054695	0.00393458	0.0073173
4.29	0.00189764	0.00190567	0.00538355	0.00387533	0.00728242
4.3	0.00188861	0.0018966	0.00529896	0.0038171	0.00724766
4.31	0.00187962	0.00188757	0.0052157	0.00375986	0.00721303
4.32	0.00187067	0.00187859	0.00513379	0.00370361	0.00717851
4.33	0.00186176	0.00186964	0.00505319	0.00364833	0.00714412
4.34	0.00185289	0.00186074	0.0049739	0.00359401	0.00710985
4.35	0.00184407	0.00185189	0.00489592	0.00354063	0.00707571
4.36	0.00183529	0.00184307	0.00481921	0.00348818	0.00704169
4.37	0.00182655	0.0018343	0.00474378	0.00343665	0.0070078
4.38	0.00181786	0.00182556	0.00466961	0.00338602	0.00697403
4.39	0.0018092	0.00181687	0.00459667	0.00333628	0.00694039
4.4	0.00180059	0.00180822	0.00452497	0.00328742	0.00690688
4.41	0.00179201	0.00179961	0.00445449	0.00323942	0.0068735
4.42	0.00178348	0.00179104	0.0043852	0.00319227	0.00684025
4.43	0.00177499	0.00178252	0.0043171	0.00314595	0.00680712
4.44	0.00176654	0.00177403	0.00425016	0.00310046	0.00677413
4.45	0.00175812	0.00176558	0.00418439	0.00305577	0.00674126
4.46	0.00174975	0.00175718	0.00411975	0.00301188	0.00670853
4.47	0.00174142	0.00174881	0.00405623	0.00296877	0.00667592
4.48	0.00173313	0.00174048	0.00399383	0.00292643	0.00664345
4.49	0.00172488	0.0017322	0.00393252	0.00288485	0.00661111
4.5	0.00171666	0.00172395	0.00387228	0.00284401	0.0065789
4.51	0.00170849	0.00171574	0.00381311	0.0028039	0.00654683
4.52	0.00170035	0.00170757	0.00375498	0.00276451	0.00651488
4.53	0.00169226	0.00169944	0.00369788	0.00272583	0.00648307
4.54	0.0016842	0.00169135	0.0036418	0.00268785	0.00645139
4.55	0.00167618	0.0016833	0.00358671	0.00265054	0.00641984
4.56	0.0016682	0.00167528	0.00353262	0.00261391	0.00638843
4.57	0.00166025	0.00166731	0.00347949	0.00257794	0.00635715
4.58	0.00165235	0.00165937	0.00342731	0.00254261	0.00632601
4.59	0.00164448	0.00165147	0.00337607	0.00250792	0.00629499
4.6	0.00163665	0.0016436	0.00332575	0.00247386	0.00626412
4.61	0.00162886	0.00163578	0.00327635	0.00244041	0.00623337
4.62	0.0016211	0.00162799	0.00322783	0.00240756	0.00620276
4.63	0.00161338	0.00162023	0.0031802	0.0023753	0.00617228
4.64	0.0016057	0.00161252	0.00313343	0.00234363	0.00614194
4.65	0.00159805	0.00160484	0.00308751	0.00231252	0.00611173
4.66	0.00159044	0.0015972	0.00304242	0.00228198	0.00608166
4.67	0.00158287	0.00158959	0.00299816	0.00225198	0.00605172
4.68	0.00157533	0.00158203	0.0029547	0.00222253	0.00602192
4.69	0.00156783	0.00157449	0.00291204	0.0021936	0.00599224
4.7	0.00156036	0.001567	0.00287016	0.0021652	0.00596271
4.71	0.00155293	0.00155953	0.00282904	0.0021373	0.00593331
4.72	0.00154554	0.00155211	0.00278868	0.00210991	0.00590404
4.73	0.00153818	0.00154472	0.00274905	0.00208301	0.0058749
4.74	0.00153086	0.00153736	0.00271015	0.00205659	0.0058459
4.75	0.00152357	0.00153004	0.00267197	0.00203064	0.00581703
4.76	0.00151631	0.00152275	0.00263448	0.00200515	0.0057883
4.77	0.00150909	0.0015155	0.00259769	0.00198012	0.0057597
4.78	0.0015019	0.00150829	0.00256157	0.00195554	0.00573124
4.79	0.00149475	0.00150111	0.00252611	0.00193139	0.0057029
4.8	0.00148763	0.00149396	0.00249131	0.00190768	0.0056747
4.81	0.00148055	0.00148684	0.00245714	0.00188438	0.00564664
4.82	0.0014735	0.00147976	0.00242361	0.0018615	0.0056187
4.83	0.00146648	0.00147272	0.00239068	0.00183902	0.0055909
4.84	0.0014595	0.0014657	0.00235837	0.00181693	0.00556323
4.85	0.00145255	0.00145873	0.00232664	0.00179524	0.0055357
4.86	0.00144563	0.00145178	0.0022955	0.00177393	0.00550829
4.87	0.00143875	0.00144487	0.00226493	0.00175299	0.00548102
4.88	0.0014319	0.00143799	0.00223492	0.00173242	0.00545388
4.89	0.00142508	0.00143114	0.00220546	0.0017122	0.00542687
4.9	0.00141829	0.00142432	0.00217654	0.00169234	0.00539999
4.91	0.00141154	0.00141754	0.00214815	0.00167282	0.00537324
4.92	0.00140482	0.00141079	0.00212028	0.00165364	0.00534662
4.93	0.00139813	0.00140407	0.00209291	0.0016348	0.00532013
4.94	0.00139147	0.00139739	0.00206605	0.00161627	0.00529378
4.95	0.00138485	0.00139073	0.00203967	0.00159807	0.00526755
4.96	0.00137825	0.00138411	0.00201378	0.00158017	0.00524145
4.97	0.00137169	0.00137752	0.00198835	0.00156259	0.00521548
4.98	0.00136516	0.00137096	0.00196339	0.0015453	0.00518963
4.99	0.00135866	0.00136443	0.00193888	0.0015283	0.00516392
5	0.00135219	0.00135794	0.00191481	0.00151159	0.00513833
