# markerAvrg: average marker throughout entire volume of phantom (including in- and outlets)
# roi1_markerAvrg: average marker in full phantom volume (without in- and outlets)
# roi2_markerAvrg: average marker in 30mm sphere on central axis 11mm away from top
# roi3_markerAvrg: average marker in 30mm sphere on central axis 15mm away from top
# roi4_markerAvrg: average marker in sphere segment cut-off at 41.25 mm from top

#time	markerAvrg	roi1_markerAvrg	roi2_markerAvrg	roi3_markerAvrg	roi4_markerAvrg
0.01	0.000134906	1.38061e-24	4.61473e-34	4.58276e-34	4.86209e-33
0.02	0.00026914	1.19455e-20	1.04646e-29	1.01869e-29	1.91566e-28
0.03	0.000402702	1.04085e-18	1.30004e-27	1.2511e-27	2.91096e-26
0.04	0.00053563	2.53119e-17	4.3888e-26	4.1913e-26	1.00158e-24
0.05	0.00066796	4.05673e-16	9.02154e-25	8.56821e-25	2.04918e-23
0.06	0.000799602	3.69696e-15	1.18157e-23	1.11475e-23	2.59445e-22
0.07	0.000930526	2.68614e-14	1.16131e-22	1.08895e-22	2.45768e-21
0.08	0.00106075	1.61921e-13	9.30589e-22	8.67649e-22	1.89708e-20
0.09	0.0011903	8.37433e-13	6.36053e-21	5.89803e-21	1.24894e-19
0.1	0.0013193	3.85268e-12	3.82463e-20	3.52781e-20	7.24047e-19
0.11	0.00144774	1.62473e-11	2.06964e-19	1.89933e-19	3.78316e-18
0.12	0.00157578	6.26957e-11	1.02402e-18	9.35107e-19	1.80936e-17
0.13	0.00170282	2.09269e-10	4.6513e-18	4.2255e-18	7.91492e-17
0.14	0.00182938	6.44162e-10	1.95306e-17	1.76471e-17	3.19232e-16
0.15	0.00195545	1.85271e-09	7.62764e-17	6.85373e-17	1.19578e-15
0.16	0.00208095	5.00257e-09	2.78817e-16	2.49107e-16	4.18964e-15
0.17	0.0022059	1.2612e-08	9.59385e-16	8.52235e-16	1.38135e-14
0.18	0.00233018	2.9804e-08	3.12293e-15	2.75804e-15	4.30688e-14
0.19	0.00245393	6.63313e-08	9.65767e-15	8.47913e-15	1.27527e-13
0.2	0.00257694	1.39165e-07	2.84745e-14	2.4851e-14	3.59816e-13
0.21	0.00269948	2.78683e-07	8.02942e-14	6.96543e-14	9.70521e-13
0.22	0.00282122	5.29696e-07	2.17139e-13	1.87217e-13	2.50912e-12
0.23	0.00294253	9.65277e-07	5.64551e-13	4.83754e-13	6.2336e-12
0.24	0.00306338	1.69012e-06	1.41437e-12	1.20441e-12	1.49162e-11
0.25	0.00318381	2.85192e-06	3.42148e-12	2.89539e-12	3.44504e-11
0.26	0.00330339	4.63226e-06	8.00731e-12	6.73368e-12	7.69451e-11
0.27	0.00342249	7.27689e-06	1.8161e-11	1.5177e-11	1.66493e-10
0.28	0.00354108	1.10714e-05	3.99828e-11	3.32056e-11	3.4957e-10
0.29	0.00365919	1.63574e-05	8.55713e-11	7.06295e-11	7.13243e-10
0.3	0.00377685	2.35108e-05	1.78276e-10	1.46254e-10	1.41609e-09
0.31	0.003894	3.29248e-05	3.62002e-10	2.95207e-10	2.73922e-09
0.32	0.00401061	4.49944e-05	7.17259e-10	5.81501e-10	5.16823e-09
0.33	0.00412677	6.01096e-05	1.38818e-09	1.11904e-09	9.52105e-09
0.34	0.00424217	7.85851e-05	2.62691e-09	2.10593e-09	1.71426e-08
0.35	0.00435725	0.000100765	4.86474e-09	3.87918e-09	3.01927e-08
0.36	0.00447147	0.000126827	8.82365e-09	7.00009e-09	5.20626e-08
0.37	0.00458514	0.000156929	1.56872e-08	1.23844e-08	8.79592e-08
0.38	0.00469876	0.000191233	2.73563e-08	2.14964e-08	1.45709e-07
0.39	0.00481185	0.000229698	4.68246e-08	3.6633e-08	2.3683e-07
0.4	0.00492439	0.000272234	7.87158e-08	6.13292e-08	3.77932e-07
0.41	0.00503646	0.000318696	1.30039e-07	1.00927e-07	5.92493e-07
0.42	0.00514783	0.000368899	2.11223e-07	1.63352e-07	9.13057e-07
0.43	0.00525888	0.000422632	3.37511e-07	2.60166e-07	1.38388e-06
0.44	0.00536933	0.000479652	5.30792e-07	4.07938e-07	2.06404e-06
0.45	0.00547919	0.000539701	8.21951e-07	6.3002e-07	3.03092e-06
0.46	0.00558857	0.000602525	1.25384e-06	9.58785e-07	4.38415e-06
0.47	0.00569725	0.000667883	1.88493e-06	1.43838e-06	6.24965e-06
0.48	0.00580524	0.000735539	2.79366e-06	2.12808e-06	8.78384e-06
0.49	0.00591242	0.000805256	4.0836e-06	3.10616e-06	1.21777e-05
0.5	0.00601933	0.000876923	5.88933e-06	4.47448e-06	1.66605e-05
0.51	0.00612612	0.000950368	8.38289e-06	6.36352e-06	2.25027e-05
0.52	0.00623221	0.00102538	1.17809e-05	8.93793e-06	3.0018e-05
0.53	0.00633774	0.00110184	1.63517e-05	1.24024e-05	3.95647e-05
0.54	0.00644273	0.00117961	2.24228e-05	1.70076e-05	5.15444e-05
0.55	0.00654717	0.00125859	3.03879e-05	2.30561e-05	6.64002e-05
0.56	0.00665109	0.00133868	4.07128e-05	3.0908e-05	8.46129e-05
0.57	0.00675449	0.00141979	5.39405e-05	4.09853e-05	0.000106695
0.58	0.00685738	0.00150183	7.06943e-05	5.3776e-05	0.000133182
0.59	0.00695975	0.00158471	9.1679e-05	6.9836e-05	0.000164627
0.6	0.00706053	0.00166821	0.00011768	8.97898e-05	0.000201586
0.61	0.00716174	0.00175251	0.000149557	0.000114329	0.00024461
0.62	0.00726175	0.00183734	0.000188239	0.000144208	0.000294232
0.63	0.00736157	0.00192276	0.000234714	0.000180239	0.000350955
0.64	0.00746105	0.0020087	0.000290014	0.000223283	0.000415244
0.65	0.00755984	0.00209506	0.000355201	0.000274239	0.000487511
0.66	0.0076583	0.00218181	0.000431346	0.000334032	0.00056811
0.67	0.0077565	0.00226893	0.000519514	0.000403597	0.00065733
0.68	0.00785437	0.00235636	0.000620741	0.000483867	0.00075539
0.69	0.00795165	0.00244403	0.000736013	0.000575753	0.000862434
0.7	0.00804695	0.00253173	0.000866252	0.000680133	0.000978534
0.71	0.00814203	0.00261953	0.00101229	0.000797829	0.00110369
0.72	0.00823681	0.00270744	0.00117486	0.000929599	0.00123782
0.73	0.00833124	0.00279543	0.00135457	0.00107612	0.0013808
0.74	0.00842528	0.00288348	0.00155193	0.00123797	0.00153242
0.75	0.00851896	0.00297155	0.00176729	0.00141565	0.00169246
0.76	0.00861225	0.00305963	0.00200089	0.00160952	0.00186061
0.77	0.00870516	0.00314769	0.00225283	0.00181986	0.00203656
0.78	0.00879637	0.0032355	0.00252308	0.00204681	0.00221994
0.79	0.00888736	0.00332319	0.0028115	0.00229042	0.0024104
0.8	0.00897803	0.00341072	0.00311784	0.00255064	0.00260755
0.81	0.00906837	0.0034981	0.00344177	0.00282729	0.00281102
0.82	0.0091584	0.00358531	0.00378283	0.00312011	0.00302041
0.83	0.0092481	0.00367237	0.00414054	0.00342875	0.00323534
0.84	0.00933639	0.00375906	0.00451434	0.00375281	0.00345546
0.85	0.00942435	0.00384551	0.0049036	0.00409176	0.0036804
0.86	0.00951197	0.00393169	0.00530767	0.00444505	0.0039098
0.87	0.00959925	0.00401762	0.00572587	0.00481205	0.00414335
0.88	0.0096862	0.00410327	0.00615752	0.00519211	0.00438072
0.89	0.00977281	0.00418866	0.00660192	0.00558454	0.00462163
0.9	0.00985909	0.00427378	0.00705836	0.00598861	0.0048658
0.91	0.00994453	0.00435849	0.00752599	0.00640344	0.00511287
0.92	0.0100296	0.0044429	0.00800428	0.00682841	0.00536269
0.93	0.0101144	0.004527	0.00849255	0.00726276	0.00561504
0.94	0.0101988	0.00461079	0.00899015	0.00770569	0.00586968
0.95	0.0102829	0.00469427	0.00949641	0.00815644	0.00612642
0.96	0.0103666	0.00477744	0.0100107	0.0086142	0.00638507
0.97	0.01045	0.00486029	0.0105324	0.00907819	0.00664544
0.98	0.0105331	0.00494282	0.0110608	0.00954761	0.00690738
0.99	0.0106158	0.00502504	0.0115954	0.0100217	0.00717071
1	0.0106982	0.00510695	0.0121355	0.0104997	0.00743528
1.01	0.0107802	0.00518854	0.0126806	0.0109807	0.00770096
1.02	0.0108619	0.00526981	0.01323	0.0114641	0.00796761
1.03	0.0109433	0.00535076	0.0137832	0.011949	0.0082351
1.04	0.0110243	0.0054314	0.0143395	0.0124347	0.00850331
1.05	0.011105	0.00551172	0.0148984	0.0129205	0.00877213
1.06	0.0111854	0.00559173	0.0154593	0.0134057	0.00904144
1.07	0.0112654	0.00567142	0.0160215	0.0138895	0.00931114
1.08	0.0113451	0.00575079	0.0165846	0.0143712	0.00958115
1.09	0.0114244	0.00582984	0.0171478	0.0148502	0.00985135
1.1	0.0115034	0.00590858	0.0177105	0.0153258	0.0101217
1.11	0.0115821	0.005987	0.0182723	0.0157973	0.010392
1.12	0.0116605	0.0060651	0.0188325	0.0162644	0.0106624
1.13	0.0117385	0.00614289	0.0193904	0.0167262	0.0109326
1.14	0.0118162	0.00622036	0.0199456	0.0171824	0.0112026
1.15	0.0118935	0.00629752	0.0204974	0.0176323	0.0114725
1.16	0.0119705	0.00637436	0.0210453	0.0180757	0.011742
1.17	0.012047	0.0064509	0.0215893	0.0185129	0.0120113
1.18	0.0121232	0.0065271	0.0221282	0.0189427	0.0122802
1.19	0.012199	0.00660296	0.0226616	0.0193647	0.0125487
1.2	0.0122744	0.00667847	0.0231889	0.0197786	0.0128166
1.21	0.0123495	0.00675363	0.0237095	0.0201842	0.013084
1.22	0.0124243	0.00682844	0.0242231	0.0205811	0.0133507
1.23	0.0124987	0.0069029	0.0247292	0.0209693	0.0136169
1.24	0.0125727	0.00697702	0.0252274	0.0213486	0.0138824
1.25	0.0126464	0.00705079	0.0257174	0.0217189	0.0141472
1.26	0.0127198	0.00712421	0.0261987	0.0220801	0.0144113
1.27	0.0127927	0.00719729	0.0266712	0.0224323	0.0146747
1.28	0.0128654	0.00727002	0.0271344	0.0227754	0.0149373
1.29	0.0129377	0.0073424	0.0275883	0.0231096	0.0151991
1.3	0.0130096	0.00741444	0.0280326	0.0234347	0.0154601
1.31	0.0130812	0.00748613	0.0284671	0.0237511	0.0157203
1.32	0.0131525	0.00755747	0.0288918	0.0240587	0.0159796
1.33	0.0132234	0.00762847	0.0293065	0.0243578	0.0162381
1.34	0.0132939	0.00769913	0.0297113	0.0246485	0.0164957
1.35	0.0133641	0.00776944	0.030106	0.0249309	0.0167524
1.36	0.013434	0.0078394	0.0304908	0.0252054	0.0170083
1.37	0.0135035	0.00790902	0.0308657	0.025472	0.0172632
1.38	0.0135727	0.0079783	0.0312307	0.0257311	0.0175171
1.39	0.0136415	0.00804722	0.0315859	0.0259827	0.0177702
1.4	0.0137099	0.0081158	0.0319315	0.0262273	0.0180222
1.41	0.0137781	0.00818404	0.0322677	0.0264649	0.0182733
1.42	0.0138458	0.00825193	0.0325945	0.0266958	0.0185234
1.43	0.0139133	0.00831947	0.0329122	0.0269203	0.0187725
1.44	0.0139803	0.00838666	0.0332209	0.0271386	0.0190205
1.45	0.014047	0.00845351	0.0335209	0.0273509	0.0192676
1.46	0.0141134	0.00852001	0.0338124	0.0275575	0.0195136
1.47	0.0141795	0.00858617	0.0340956	0.0277585	0.0197585
1.48	0.0142451	0.00865198	0.0343707	0.0279542	0.0200024
1.49	0.0143105	0.00871744	0.0346381	0.0281448	0.0202452
1.5	0.0143754	0.00878256	0.0348978	0.0283305	0.0204869
1.51	0.0143071	0.00884853	0.0351504	0.0285115	0.0207314
1.52	0.0142403	0.00891427	0.0353958	0.028688	0.0209751
1.53	0.0141738	0.00897977	0.0356344	0.0288601	0.0212178
1.54	0.0141076	0.00904502	0.0358663	0.0290281	0.0214596
1.55	0.0140412	0.00911002	0.0360917	0.029192	0.0217004
1.56	0.0139759	0.00917476	0.036311	0.0293521	0.0219404
1.57	0.0139105	0.00923926	0.0365242	0.0295085	0.0221794
1.58	0.0138454	0.00930349	0.0367318	0.0296613	0.0224175
1.59	0.0137801	0.00936746	0.0369338	0.0298107	0.0226546
1.6	0.0137154	0.00943116	0.0371305	0.0299569	0.0228908
1.61	0.0136504	0.0094946	0.0373221	0.0300999	0.023126
1.62	0.0135853	0.00955776	0.0375088	0.0302399	0.0233603
1.63	0.013521	0.00962064	0.0376908	0.030377	0.0235937
1.64	0.0134568	0.00968324	0.0378683	0.0305114	0.0238261
1.65	0.013393	0.00974556	0.0380414	0.030643	0.0240575
1.66	0.0133294	0.0098076	0.0382104	0.0307721	0.024288
1.67	0.0132665	0.00986934	0.0383754	0.0308988	0.0245175
1.68	0.0132039	0.0099308	0.0385366	0.031023	0.0247461
1.69	0.0131412	0.00999196	0.0386942	0.031145	0.0249737
1.7	0.0130789	0.0100528	0.0388482	0.0312648	0.0252004
1.71	0.0130167	0.0101133	0.0389988	0.0313824	0.0254261
1.72	0.0129548	0.0101735	0.0391463	0.031498	0.0256509
1.73	0.0128933	0.0102331	0.0392906	0.0316117	0.0258748
1.74	0.0128317	0.0102923	0.039432	0.0317234	0.0260977
1.75	0.0127709	0.0103507	0.0395706	0.0318333	0.0263196
1.76	0.0127102	0.0104083	0.0397064	0.0319414	0.0265406
1.77	0.0126497	0.0104648	0.0398397	0.0320479	0.0267607
1.78	0.0125895	0.0105198	0.0399704	0.0321527	0.0269799
1.79	0.0125295	0.0105732	0.0400988	0.0322558	0.0271982
1.8	0.0124698	0.0106244	0.0402249	0.0323575	0.0274155
1.81	0.0124105	0.0106731	0.0403488	0.0324577	0.027632
1.82	0.0123513	0.0107189	0.0404706	0.0325565	0.0278475
1.83	0.0122925	0.0107615	0.0405904	0.0326538	0.0280621
1.84	0.0122339	0.0108003	0.0407083	0.0327499	0.0282758
1.85	0.0121755	0.0108352	0.0408243	0.0328447	0.0284886
1.86	0.0121175	0.010866	0.0409387	0.0329382	0.0287005
1.87	0.0120598	0.0108924	0.0410513	0.0330305	0.0289114
1.88	0.0120024	0.0109144	0.0411623	0.0331217	0.0291215
1.89	0.0119452	0.010932	0.0412717	0.0332118	0.0293305
1.9	0.0118883	0.0109453	0.0413796	0.0333007	0.0295386
1.91	0.0118317	0.0109545	0.041486	0.0333886	0.0297457
1.92	0.0117754	0.0109596	0.041591	0.0334754	0.0299518
1.93	0.0117194	0.010961	0.0416945	0.0335612	0.0301568
1.94	0.0116637	0.0109589	0.0417967	0.0336459	0.0303606
1.95	0.0116082	0.0109534	0.0418975	0.0337296	0.0305632
1.96	0.011553	0.0109449	0.0419968	0.0338122	0.0307646
1.97	0.0114981	0.0109336	0.0420948	0.0338938	0.0309644
1.98	0.0114435	0.0109197	0.0421912	0.0339742	0.0311627
1.99	0.0113891	0.0109034	0.042286	0.0340534	0.0313591
2	0.011335	0.0108849	0.0423792	0.0341314	0.0315536
2.01	0.0112811	0.0108644	0.0424705	0.0342079	0.0317457
2.02	0.0112275	0.010842	0.0425598	0.0342829	0.0319352
2.03	0.0111741	0.0108179	0.0426469	0.0343561	0.0321218
2.04	0.011121	0.0107923	0.0427313	0.0344273	0.0323051
2.05	0.0110681	0.0107651	0.0428128	0.0344963	0.0324845
2.06	0.0110155	0.0107366	0.0428909	0.0345626	0.0326597
2.07	0.0109631	0.0107069	0.0429651	0.0346258	0.0328301
2.08	0.010911	0.0106759	0.0430347	0.0346855	0.0329952
2.09	0.0108591	0.0106439	0.0430992	0.0347412	0.0331544
2.1	0.0108074	0.0106108	0.0431576	0.0347921	0.0333072
2.11	0.010756	0.0105768	0.0432093	0.0348377	0.0334531
2.12	0.0107049	0.0105418	0.0432532	0.0348772	0.0335915
2.13	0.0106539	0.0105061	0.0432884	0.0349097	0.0337218
2.14	0.0106032	0.0104696	0.0433138	0.0349345	0.0338437
2.15	0.0105528	0.0104324	0.0433285	0.0349506	0.0339568
2.16	0.0105026	0.0103946	0.0433314	0.0349571	0.0340606
2.17	0.0104526	0.0103561	0.0433214	0.0349531	0.0341549
2.18	0.0104029	0.0103171	0.0432975	0.0349376	0.0342395
2.19	0.0103534	0.0102775	0.0432587	0.0349098	0.0343143
2.2	0.0103041	0.0102375	0.043204	0.0348688	0.034379
2.21	0.0102551	0.0101971	0.0431328	0.0348138	0.0344339
2.22	0.0102063	0.0101563	0.0430442	0.0347439	0.0344789
2.23	0.0101577	0.0101151	0.0429376	0.0346586	0.0345141
2.24	0.0101094	0.0100736	0.0428126	0.0345572	0.0345398
2.25	0.0100612	0.0100318	0.0426688	0.0344392	0.0345562
2.26	0.0100133	0.0099898	0.0425059	0.0343043	0.0345636
2.27	0.00996569	0.00994754	0.0423238	0.0341523	0.0345623
2.28	0.00991825	0.00990508	0.0421226	0.0339829	0.0345526
2.29	0.00987104	0.00986245	0.0419023	0.0337961	0.034535
2.3	0.00982405	0.00981967	0.0416634	0.0335919	0.0345098
2.31	0.00977729	0.00977678	0.041406	0.0333706	0.0344774
2.32	0.00973074	0.00973378	0.0411306	0.0331323	0.0344381
2.33	0.00968442	0.0096907	0.0408377	0.0328775	0.0343925
2.34	0.00963831	0.00964757	0.0405279	0.0326066	0.0343407
2.35	0.00959243	0.00960439	0.0402018	0.03232	0.0342832
2.36	0.00954676	0.00956119	0.03986	0.0320184	0.0342204
2.37	0.00950131	0.00951799	0.0395032	0.0317022	0.0341525
2.38	0.00945607	0.00947479	0.0391321	0.0313723	0.0340798
2.39	0.00941105	0.00943162	0.0387474	0.0310292	0.0340028
2.4	0.00936624	0.00938849	0.0383497	0.0306737	0.0339216
2.41	0.00932165	0.00934541	0.0379398	0.0303066	0.0338364
2.42	0.00927726	0.00930239	0.0375183	0.0299285	0.0337477
2.43	0.00923309	0.00925944	0.037086	0.0295403	0.0336555
2.44	0.00918913	0.00921657	0.0366434	0.0291427	0.03356
2.45	0.00914538	0.0091738	0.0361913	0.0287366	0.0334616
2.46	0.00910183	0.00913113	0.0357302	0.0283226	0.0333603
2.47	0.0090585	0.00908856	0.0352608	0.0279017	0.0332564
2.48	0.00901537	0.00904612	0.0347837	0.0274745	0.03315
2.49	0.00897244	0.00900379	0.0342995	0.0270419	0.0330413
2.5	0.00892972	0.0089616	0.0338088	0.0266046	0.0329304
2.51	0.0088872	0.00891954	0.0333123	0.0261635	0.0328175
2.52	0.00884488	0.00887762	0.0328104	0.0257192	0.0327027
2.53	0.00880276	0.00883585	0.0323038	0.0252725	0.032586
2.54	0.00876084	0.00879422	0.031793	0.0248242	0.0324677
2.55	0.00871913	0.00875275	0.0312788	0.0243751	0.0323479
2.56	0.00867762	0.00871144	0.0307615	0.0239257	0.0322266
2.57	0.00863631	0.00867029	0.0302419	0.0234769	0.0321039
2.58	0.00859519	0.0086293	0.0297205	0.0230293	0.0319801
2.59	0.00855427	0.00858847	0.0291978	0.0225836	0.031855
2.6	0.00851354	0.00854781	0.0286746	0.0221404	0.0317289
2.61	0.00847301	0.00850732	0.0281514	0.0217004	0.0316018
2.62	0.00843267	0.008467	0.0276287	0.0212641	0.0314738
2.63	0.00839252	0.00842685	0.0271072	0.0208321	0.0313449
2.64	0.00835256	0.00838688	0.0265875	0.0204049	0.0312153
2.65	0.00831279	0.00834708	0.02607	0.0199831	0.031085
2.66	0.00827321	0.00830745	0.0255555	0.019567	0.0309541
2.67	0.00823382	0.008268	0.0250445	0.0191571	0.0308225
2.68	0.00819462	0.00822873	0.0245375	0.0187539	0.0306905
2.69	0.0081556	0.00818963	0.0240351	0.0183575	0.030558
2.7	0.00811678	0.00815071	0.0235378	0.0179684	0.0304251
2.71	0.00807814	0.00811197	0.023046	0.0175868	0.0302919
2.72	0.00803969	0.00807341	0.0225603	0.017213	0.0301583
2.73	0.00800142	0.00803502	0.0220812	0.0168471	0.0300244
2.74	0.00796333	0.00799682	0.021609	0.0164893	0.0298903
2.75	0.00792542	0.00795878	0.0211441	0.0161397	0.029756
2.76	0.0078877	0.00792093	0.0206869	0.0157985	0.0296216
2.77	0.00785016	0.00788326	0.0202378	0.0154655	0.029487
2.78	0.00781279	0.00784575	0.0197971	0.015141	0.0293524
2.79	0.0077756	0.00780843	0.0193649	0.0148248	0.0292177
2.8	0.00773859	0.00777128	0.0189417	0.014517	0.0290829
2.81	0.00770175	0.0077343	0.0185274	0.0142174	0.0289481
2.82	0.00766508	0.0076975	0.0181224	0.0139261	0.0288133
2.83	0.0076286	0.00766087	0.0177267	0.0136428	0.0286786
2.84	0.00759229	0.00762441	0.0173404	0.0133674	0.0285439
2.85	0.00755615	0.00758813	0.0169635	0.0130999	0.0284092
2.86	0.00752018	0.00755202	0.0165962	0.0128401	0.0282747
2.87	0.00748438	0.00751608	0.0162384	0.0125877	0.0281403
2.88	0.00744875	0.00748031	0.01589	0.0123427	0.0280059
2.89	0.00741329	0.00744471	0.015551	0.0121048	0.0278717
2.9	0.00737801	0.00740928	0.0152214	0.0118739	0.0277377
2.91	0.00734288	0.00737401	0.0149009	0.0116497	0.0276038
2.92	0.00730793	0.00733892	0.0145895	0.011432	0.0274701
2.93	0.00727314	0.00730399	0.0142871	0.0112207	0.0273365
2.94	0.00723852	0.00726922	0.0139934	0.0110155	0.0272031
2.95	0.00720406	0.00723463	0.0137083	0.0108163	0.0270699
2.96	0.00716977	0.00720019	0.0134315	0.0106228	0.0269369
2.97	0.00713564	0.00716592	0.0131629	0.0104349	0.0268041
2.98	0.00710167	0.00713181	0.0129024	0.0102523	0.0266715
2.99	0.00706786	0.00709787	0.0126495	0.0100749	0.0265392
3	0.00703422	0.00706408	0.0124042	0.00990243	0.026407
3.01	0.00700073	0.00703046	0.0121662	0.00973476	0.0262751
3.02	0.0069674	0.00699699	0.0119353	0.00957169	0.0261434
3.03	0.00693423	0.00696367	0.0117112	0.00941306	0.0260119
3.04	0.00690121	0.00693052	0.0114938	0.0092587	0.0258806
3.05	0.00686835	0.00689752	0.0112827	0.00910844	0.0257496
3.06	0.00683565	0.00686468	0.0110778	0.00896213	0.0256188
3.07	0.0068031	0.006832	0.0108789	0.00881962	0.0254882
3.08	0.00677071	0.00679947	0.0106857	0.00868076	0.0253579
3.09	0.00673847	0.0067671	0.0104981	0.00854541	0.0252279
3.1	0.00670638	0.00673488	0.0103158	0.00841343	0.0250981
3.11	0.00667445	0.00670281	0.0101386	0.00828471	0.0249686
3.12	0.00664267	0.0066709	0.00996632	0.0081591	0.0248393
3.13	0.00661104	0.00663913	0.00979881	0.0080365	0.0247103
3.14	0.00657956	0.00660752	0.00963586	0.00791679	0.0245815
3.15	0.00654823	0.00657606	0.00947729	0.00779985	0.0244531
3.16	0.00651705	0.00654475	0.00932294	0.00768559	0.0243248
3.17	0.00648602	0.00651359	0.00917264	0.00757389	0.0241969
3.18	0.00645514	0.00648257	0.00902623	0.00746467	0.0240693
3.19	0.0064244	0.0064517	0.00888356	0.00735783	0.0239419
3.2	0.00639381	0.00642098	0.00874448	0.00725328	0.0238148
3.21	0.00636336	0.00639041	0.00860886	0.00715094	0.023688
3.22	0.00633306	0.00635998	0.00847655	0.00705073	0.0235615
3.23	0.00630291	0.0063297	0.00834743	0.00695256	0.0234352
3.24	0.00627289	0.00629956	0.00822137	0.00685637	0.0233093
3.25	0.00624302	0.00626956	0.00809826	0.00676208	0.0231837
3.26	0.0062133	0.00623971	0.00797798	0.00666962	0.0230583
3.27	0.00618371	0.00621	0.00786041	0.00657894	0.0229333
3.28	0.00615427	0.00618043	0.00774546	0.00648996	0.0228086
3.29	0.00612496	0.006151	0.00763302	0.00640264	0.0226842
3.3	0.0060958	0.00612171	0.00752301	0.0063169	0.0225601
3.31	0.00606677	0.00609256	0.00741531	0.00623271	0.0224363
3.32	0.00603788	0.00606355	0.00730986	0.00615001	0.0223128
3.33	0.00600913	0.00603467	0.00720656	0.00606875	0.0221896
3.34	0.00598052	0.00600594	0.00710533	0.00598888	0.0220668
3.35	0.00595204	0.00597734	0.00700609	0.00591036	0.0219443
3.36	0.0059237	0.00594888	0.00690879	0.00583315	0.0218221
3.37	0.00589549	0.00592055	0.00681333	0.00575721	0.0217003
3.38	0.00586742	0.00589236	0.00671966	0.00568251	0.0215788
3.39	0.00583948	0.0058643	0.00662772	0.00560899	0.0214576
3.4	0.00581167	0.00583638	0.00653744	0.00553664	0.0213367
3.41	0.005784	0.00580859	0.00644876	0.00546542	0.0212162
3.42	0.00575646	0.00578093	0.00636163	0.00539529	0.021096
3.43	0.00572905	0.0057534	0.006276	0.00532623	0.0209761
3.44	0.00570177	0.005726	0.00619182	0.00525822	0.0208566
3.45	0.00567462	0.00569874	0.00610904	0.00519121	0.0207374
3.46	0.00564759	0.0056716	0.00602762	0.0051252	0.0206186
3.47	0.0056207	0.0056446	0.0059475	0.00506014	0.0205001
3.48	0.00559394	0.00561772	0.00586866	0.00499604	0.0203819
3.49	0.0055673	0.00559097	0.00579106	0.00493285	0.0202641
3.5	0.00554079	0.00556434	0.00571465	0.00487056	0.0201465
3.51	0.00551441	0.00553785	0.0056394	0.00480915	0.0200294
3.52	0.00548815	0.00551148	0.00556528	0.0047486	0.0199125
3.53	0.00546202	0.00548523	0.00549225	0.00468889	0.019796
3.54	0.00543601	0.00545911	0.0054203	0.00463001	0.0196799
3.55	0.00541012	0.00543312	0.00534938	0.00457194	0.019564
3.56	0.00538436	0.00540725	0.00527948	0.00451466	0.0194485
3.57	0.00535872	0.0053815	0.00521056	0.00445817	0.0193334
3.58	0.0053332	0.00535587	0.00514261	0.00440243	0.0192185
3.59	0.00530781	0.00533037	0.00507559	0.00434745	0.019104
3.6	0.00528253	0.00530499	0.00500949	0.00429321	0.0189898
3.61	0.00525738	0.00527973	0.00494429	0.00423969	0.0188759
3.62	0.00523234	0.00525459	0.00487996	0.00418689	0.0187624
3.63	0.00520743	0.00522957	0.0048165	0.00413479	0.0186492
3.64	0.00518263	0.00520466	0.00475387	0.00408338	0.0185363
3.65	0.00515795	0.00517988	0.00469207	0.00403265	0.0184237
3.66	0.00513339	0.00515521	0.00463108	0.00398258	0.0183114
3.67	0.00510895	0.00513067	0.00457087	0.00393318	0.0181994
3.68	0.00508462	0.00510623	0.00451145	0.00388442	0.0180878
3.69	0.00506041	0.00508192	0.00445279	0.00383631	0.0179765
3.7	0.00503631	0.00505772	0.00439488	0.00378883	0.0178654
3.71	0.00501233	0.00503364	0.0043377	0.00374196	0.0177547
3.72	0.00498846	0.00500967	0.00428126	0.00369571	0.0176443
3.73	0.00496471	0.00498581	0.00422552	0.00365006	0.0175342
3.74	0.00494107	0.00496207	0.00417049	0.00360501	0.0174244
3.75	0.00491754	0.00493844	0.00411615	0.00356055	0.0173149
3.76	0.00489412	0.00491493	0.00406249	0.00351666	0.0172057
3.77	0.00487082	0.00489152	0.00400951	0.00347335	0.0170968
3.78	0.00484762	0.00486823	0.00395719	0.0034306	0.0169882
3.79	0.00482454	0.00484505	0.00390552	0.00338841	0.0168799
3.8	0.00480157	0.00482198	0.00385449	0.00334676	0.0167719
3.81	0.0047787	0.00479902	0.00380411	0.00330566	0.0166642
3.82	0.00475595	0.00477617	0.00375435	0.00326509	0.0165568
3.83	0.0047333	0.00475343	0.00370521	0.00322505	0.0164497
3.84	0.00471077	0.00473079	0.00365668	0.00318553	0.0163429
3.85	0.00468834	0.00470827	0.00360875	0.00314652	0.0162363
3.86	0.00466601	0.00468585	0.00356143	0.00310802	0.0161301
3.87	0.0046438	0.00466354	0.0035147	0.00307002	0.0160241
3.88	0.00462168	0.00464133	0.00346855	0.00303252	0.0159184
3.89	0.00459968	0.00461923	0.00342297	0.0029955	0.015813
3.9	0.00457778	0.00459724	0.00337797	0.00295897	0.0157079
3.91	0.00455598	0.00457535	0.00333354	0.00292291	0.0156031
3.92	0.00453429	0.00455356	0.00328966	0.00288732	0.0154986
3.93	0.0045127	0.00453188	0.00324633	0.00285219	0.0153943
3.94	0.00449121	0.0045103	0.00320356	0.00281752	0.0152904
3.95	0.00446982	0.00448882	0.00316132	0.0027833	0.0151867
3.96	0.00444854	0.00446745	0.00311962	0.00274953	0.0150833
3.97	0.00442736	0.00444618	0.00307845	0.0027162	0.0149802
3.98	0.00440628	0.00442501	0.00303781	0.00268331	0.0148774
3.99	0.0043853	0.00440394	0.00299769	0.00265084	0.0147749
4	0.00436441	0.00438297	0.00295808	0.0026188	0.0146726
4.01	0.00434363	0.0043621	0.00291898	0.00258718	0.0145706
4.02	0.00432295	0.00434133	0.00288039	0.00255597	0.014469
4.03	0.00430237	0.00432066	0.0028423	0.00252517	0.0143676
4.04	0.00428188	0.00430008	0.00280471	0.00249478	0.0142665
4.05	0.00426149	0.00427961	0.0027676	0.00246478	0.0141657
4.06	0.0042412	0.00425923	0.00273099	0.00243518	0.0140652
4.07	0.004221	0.00423895	0.00269486	0.00240597	0.0139649
4.08	0.00420091	0.00421876	0.00265921	0.00237714	0.013865
4.09	0.0041809	0.00419868	0.00262404	0.0023487	0.0137654
4.1	0.00416099	0.00417868	0.00258934	0.00232063	0.0136661
4.11	0.00414118	0.00415879	0.0025551	0.00229293	0.013567
4.12	0.00412146	0.00413898	0.00252133	0.0022656	0.0134683
4.13	0.00410184	0.00411927	0.00248802	0.00223864	0.0133699
4.14	0.00408231	0.00409966	0.00245517	0.00221203	0.0132718
4.15	0.00406287	0.00408014	0.00242277	0.00218578	0.013174
4.16	0.00404352	0.00406071	0.00239083	0.00215989	0.0130765
4.17	0.00402427	0.00404137	0.00235932	0.00213434	0.0129793
4.18	0.00400511	0.00402213	0.00232827	0.00210913	0.0128824
4.19	0.00398603	0.00400298	0.00229765	0.00208427	0.0127859
4.2	0.00396705	0.00398392	0.00226747	0.00205974	0.0126897
4.21	0.00394816	0.00396495	0.00223772	0.00203555	0.0125938
4.22	0.00392936	0.00394607	0.0022084	0.00201168	0.0124983
4.23	0.00391065	0.00392728	0.00217951	0.00198815	0.0124031
4.24	0.00389203	0.00390858	0.00215105	0.00196494	0.0123082
4.25	0.0038735	0.00388997	0.00212301	0.00194205	0.0122137
4.26	0.00385505	0.00387144	0.00209539	0.00191948	0.0121195
4.27	0.0038367	0.00385301	0.00206818	0.00189722	0.0120257
4.28	0.00381843	0.00383466	0.00204139	0.00187528	0.0119322
4.29	0.00380025	0.0038164	0.002015	0.00185364	0.0118391
4.3	0.00378215	0.00379823	0.00198903	0.00183231	0.0117464
4.31	0.00376414	0.00378014	0.00196346	0.00181129	0.011654
4.32	0.00374622	0.00376214	0.00193829	0.00179057	0.0115621
4.33	0.00372838	0.00374423	0.00191352	0.00177015	0.0114705
4.34	0.00371063	0.0037264	0.00188915	0.00175002	0.0113792
4.35	0.00369296	0.00370865	0.00186517	0.00173019	0.0112884
4.36	0.00367537	0.003691	0.00184158	0.00171065	0.011198
4.37	0.00365787	0.00367342	0.00181838	0.0016914	0.011108
4.38	0.00364045	0.00365593	0.00179557	0.00167244	0.0110183
4.39	0.00362312	0.00363852	0.00177314	0.00165376	0.0109291
4.4	0.00360587	0.00362119	0.00175108	0.00163536	0.0108403
4.41	0.00358869	0.00360395	0.00172941	0.00161725	0.0107519
4.42	0.00357161	0.00358679	0.00170811	0.00159941	0.010664
4.43	0.0035546	0.00356971	0.00168718	0.00158186	0.0105764
4.44	0.00353767	0.00355271	0.00166662	0.00156457	0.0104893
4.45	0.00352083	0.00353579	0.00164643	0.00154756	0.0104027
4.46	0.00350406	0.00351896	0.0016266	0.00153082	0.0103165
4.47	0.00348738	0.0035022	0.00160713	0.00151435	0.0102307
4.48	0.00347077	0.00348552	0.00158802	0.00149815	0.0101454
4.49	0.00345424	0.00346893	0.00156926	0.00148221	0.0100605
4.5	0.0034378	0.00345241	0.00155085	0.00146654	0.00997615
4.51	0.00342143	0.00343597	0.00153279	0.00145112	0.00989221
4.52	0.00340513	0.00341961	0.00151508	0.00143597	0.00980875
4.53	0.00338892	0.00340332	0.00149771	0.00142108	0.00972576
4.54	0.00337278	0.00338712	0.00148067	0.00140644	0.00964324
4.55	0.00335672	0.00337099	0.00146398	0.00139205	0.00956121
4.56	0.00334074	0.00335494	0.00144761	0.00137792	0.00947966
4.57	0.00332483	0.00333896	0.00143158	0.00136404	0.00939859
4.58	0.003309	0.00332306	0.00141587	0.00135041	0.00931801
4.59	0.00329324	0.00330724	0.00140048	0.00133702	0.00923793
4.6	0.00327756	0.00329149	0.00138542	0.00132388	0.00915834
4.61	0.00326195	0.00327582	0.00137067	0.00131099	0.00907925
4.62	0.00324642	0.00326022	0.00135623	0.00129833	0.00900066
4.63	0.00323096	0.00324469	0.00134211	0.00128592	0.00892257
4.64	0.00321557	0.00322924	0.00132829	0.00127374	0.00884499
4.65	0.00320026	0.00321387	0.00131477	0.0012618	0.00876791
4.66	0.00318502	0.00319856	0.00130155	0.0012501	0.00869135
4.67	0.00316986	0.00318333	0.00128863	0.00123862	0.00861529
4.68	0.00315476	0.00316817	0.001276	0.00122738	0.00853975
4.69	0.00313974	0.00315309	0.00126366	0.00121637	0.00846472
4.7	0.00312479	0.00313807	0.00125161	0.00120558	0.00839021
4.71	0.00310991	0.00312313	0.00123984	0.00119501	0.00831621
4.72	0.0030951	0.00310826	0.00122835	0.00118467	0.00824274
4.73	0.00308036	0.00309346	0.00121713	0.00117455	0.00816978
4.74	0.00306569	0.00307872	0.00120619	0.00116465	0.00809734
4.75	0.00305109	0.00306406	0.00119551	0.00115496	0.00802542
4.76	0.00303657	0.00304947	0.00118509	0.00114549	0.00795402
4.77	0.00302211	0.00303495	0.00117494	0.00113623	0.00788315
4.78	0.00300772	0.0030205	0.00116505	0.00112718	0.00781279
4.79	0.00299339	0.00300612	0.0011554	0.00111833	0.00774296
4.8	0.00297914	0.0029918	0.00114601	0.0011097	0.00767365
4.81	0.00296495	0.00297756	0.00113687	0.00110126	0.00760486
4.82	0.00295083	0.00296338	0.00112796	0.00109303	0.00753659
4.83	0.00293678	0.00294927	0.0011193	0.00108499	0.00746885
4.84	0.0029228	0.00293522	0.00111087	0.00107715	0.00740162
4.85	0.00290888	0.00292125	0.00110267	0.00106951	0.00733492
4.86	0.00289503	0.00290733	0.0010947	0.00106205	0.00726873
4.87	0.00288124	0.00289349	0.00108696	0.00105479	0.00720307
4.88	0.00286752	0.00287971	0.00107943	0.00104771	0.00713792
4.89	0.00285387	0.002866	0.00107213	0.00104082	0.0070733
4.9	0.00284028	0.00285235	0.00106503	0.0010341	0.00700919
4.91	0.00282675	0.00283877	0.00105815	0.00102757	0.00694559
4.92	0.00281329	0.00282525	0.00105147	0.00102121	0.00688251
4.93	0.0027999	0.0028118	0.001045	0.00101503	0.00681995
4.94	0.00278656	0.00279841	0.00103872	0.00100902	0.0067579
4.95	0.00277329	0.00278508	0.00103264	0.00100318	0.00669636
4.96	0.00276009	0.00277182	0.00102675	0.000997505	0.00663534
4.97	0.00274694	0.00275862	0.00102105	0.000991993	0.00657482
4.98	0.00273386	0.00274548	0.00101554	0.000986643	0.00651482
4.99	0.00272084	0.00273241	0.00101021	0.000981452	0.00645532
5	0.00270789	0.0027194	0.00100505	0.000976417	0.00639633
