

ASYM 

17.1578
14.6076

14.0438   15.0184   16.1897   17.1578   16.9242   19.1112   19.5168   20.0647   17.5017   30.1166   26.4741
11.9462   14.3357   14.0647   14.6076   13.3783   17.6149   20.8833   19.1402   21.5760   31.2491   24.0484



GMAX

20.9881
20.8201

 15.2190   17.7307   20.9811   20.9881   20.4502   24.2880   23.4196   28.1724   24.1724   35.2389   32.7893
 12.6810   16.5412   20.2088   20.8201   22.0450   24.9982   25.1484   26.4691   28.0897   28.4140   39.9529


FA

22.9487
27.5643


 14.1650   19.4518   22.4398   22.9487   25.4266   26.6404   27.4592   31.1246   30.4517   37.6903   33.8396
 16.9307   20.5785   26.1890   27.5643   26.7208   27.4040   31.7912   34.7831   33.0796   31.9725   35.8604



